0 0 303567 7 0
0 1 55590 6 0
26214000 0 303574 7 0
26214000 1 240840 6 0
78643005 1 55596 6 1
117963996 0 303581 7 0
117963996 1 55596 6 0
530841003 0 303588 7 0
530841003 1 55596 6 0
550502014 0 303595 7 0
550502014 1 240840 6 0
602931030 1 55602 6 1
648805969 0 303602 7 0
648805969 1 55602 6 0
910950012 0 303609 7 0
910950012 1 55602 6 0
930611022 0 303616 7 0
930611022 1 240840 6 0
983039978 1 55608 6 1
1028915039 0 303623 7 0
1028915039 1 55608 6 0
1330380004 0 303630 7 0
1330380004 1 55608 6 0
1343487060 0 303637 7 0
1343487060 1 240840 6 0
1395916015 1 55614 6 1
1441791992 0 303644 7 0
1441791992 1 55614 6 0
1723595947 0 303651 7 0
1723595947 1 55614 6 0
1736703979 0 303658 7 0
1736703979 1 240840 6 0
1769472045 0 303665 7 0
1769472045 2 206064 6 0
1769472045 3 817767 6 0
1802239990 1 55620 6 1
1808792968 0 303672 7 0
1808792968 2 361644 6 0
1808792968 3 973347 6 0
1841560913 0 303679 7 0
1841560913 1 55620 6 0
1887436035 4 840815 24 0
1939864990 2 18046 1 0
1939864990 3 287047 1 0
1946418945 5 140946 6 0
1946418945 4 211167 6 0
1946418945 2 878231 2 0
1946418945 3 1002245 2 0
1946418945 6 725318 1 0
1946418945 2 206064 6 0
1946418945 3 817767 6 0
1946418945 4 760114 1 0
1946418945 0 303686 24 0
2070937011 4 840815 1 0
2116812011 0 303710 3 0
2116812011 2 878231 2 0
2116812011 3 1002245 2 0
2175795166 1 269732 2 0
2175795166 7 270734 2 0
2215115966 1 269732 2 1
2221669921 0 303713 7 0
2221669921 1 55620 6 0
2234776855 0 303720 3 0
2234776855 2 878231 2 0
2234776855 3 1002245 2 0
2267544921 0 303723 7 0
2267544921 1 240840 6 0
2319973876 1 55638 6 1
2326528076 8 146150 5 0
2333081054 9 31682 5 0
2346187988 1 269732 2 0
2346187988 7 270734 2 0
2346187988 8 450542 2 0
2346187988 9 450542 2 0
2365849121 0 303730 7 0
2365849121 1 55638 6 0
2398616943 8 146150 1 0
2398616943 9 31682 1 0
2778726074 0 303737 7 0
2778726074 1 55638 6 0
2804939941 0 303744 7 0
2804939941 1 240840 6 0
2844261962 1 55656 6 1
2883583984 0 303751 7 0
2883583984 1 55656 6 0
3224370849 0 303758 7 0
3224370849 1 55656 6 0
3224370849 10 619165 1 1
3244031005 0 303765 7 0
3244031005 1 240840 6 0
3289906982 1 55662 6 1
3329228027 0 303772 7 0
3329228027 1 55662 6 0
3565157958 10 618195 1 1
3781427001 0 303779 7 0
3781427001 1 55662 6 0
3801088134 0 303786 7 0
3807641113 1 240840 6 0
3853516113 1 55668 6 1
3866624023 10 618773 1 1
3892837890 0 303793 7 0
3892837890 1 55668 6 0
4141875000 0 303800 7 0
4141875000 1 55668 6 0
4181196289 0 303807 7 0
4187750000 1 240840 6 0
4233625000 1 55674 6 1
4272946777 0 303814 7 0
4272946777 1 55674 6 0
4731699218 10 618167 1 1
4744805664 0 303821 7 0
4744805664 1 55674 6 0
4757913085 10 618168 16 1
4764466796 0 303828 7 0
4764466796 1 240840 6 0
4810341796 1 55692 6 1
4849664062 0 303835 7 0
4849664062 1 55692 6 0
5052825195 10 617992 1 1
5151128906 0 303842 7 0
5151128906 1 55692 6 0
5170790039 0 303849 7 0
5177342773 1 240840 6 0
5223218750 1 55698 6 1
5262540039 0 303856 7 0
5262540039 1 55698 6 0
5380504882 10 618113 1 1
5603328125 0 303863 7 0
5603328125 1 55698 6 0
5622988281 0 303870 7 0
5622988281 1 240840 6 0
5668863769 1 55704 6 1
5714738769 10 617943 1 1
5714738769 0 303877 7 0
5714738769 1 55704 6 0
5839256835 0 303884 7 0
5839256835 2 206070 6 0
5839256835 3 817773 6 0
5878579101 0 303891 7 0
5878579101 2 361650 6 0
5878579101 3 973353 6 0
5970328613 4 841315 24 0
6009651367 2 16601 1 0
6009651367 3 285602 1 0
6009651367 5 140952 6 0
6009651367 4 211173 6 0
6009651367 2 878233 2 0
6009651367 3 1002247 2 0
6009651367 6 725319 1 0
6016204101 2 206070 6 0
6016204101 3 817773 6 0
6016204101 4 760113 1 0
6022757812 0 303898 24 0
6042418945 0 303922 7 0
6042418945 1 55704 6 0
6062079101 0 303929 7 0
6062079101 1 240840 6 0
6114508300 1 55710 6 1
6121062011 4 841315 1 0
6166937011 0 303936 7 0
6166937011 1 55710 6 0
6186597656 0 303943 3 0
6186597656 2 878233 2 0
6186597656 3 1002247 2 0
6245580078 1 269734 2 0
6245580078 7 270736 2 0
6271794921 1 269734 2 1
6278348144 0 303946 3 0
6278348144 2 878233 2 0
6278348144 3 1002247 2 0
6284901855 10 618773 1 1
6291456054 0 303949 7 0
6291456054 2 206076 6 0
6291456054 3 817779 6 0
6356991699 0 303956 7 0
6356991699 2 361650 6 0
6363544921 5 40071 1 1
6363544921 3 973353 6 0
6383206054 8 146350 5 0
6383206054 9 31882 5 0
6402866699 1 269734 2 0
6402866699 7 270736 2 0
6409419921 8 450544 2 0
6409419921 9 450544 2 0
6409419921 6 433573 2 1
6455295898 8 146350 1 0
6455295898 9 31882 1 0
6455295898 4 84231 2 1
6527385253 0 303963 7 0
6527385253 1 55710 6 0
6566707031 0 303970 7 0
6566707031 1 240840 6 0
6586368164 4 840315 24 0
6606028808 1 55728 6 1
6651904296 2 16601 1 0
6651904296 3 285602 1 0
6658457031 5 140958 6 0
6658457031 4 211179 6 0
6658457031 2 878235 2 0
6658457031 3 1002249 2 0
6658457031 6 725320 1 0
6658457031 2 206076 6 0
6658457031 3 817779 6 0
6658457031 4 760113 1 0
6658457031 0 303977 24 0
6737100097 0 304001 7 0
6737100097 1 55728 6 0
6782976074 4 840315 1 0
6822296875 0 304008 3 0
6822296875 2 878235 2 0
6822296875 3 1002249 2 0
6887833007 1 269736 2 0
6887833007 7 270738 2 0
6920601074 1 269736 2 1
6920601074 0 304011 3 0
6920601074 2 878235 2 0
6920601074 3 1002249 2 0
6953369140 10 619112 1 1
7012351074 0 304014 7 0
7012351074 1 55728 6 0
7032012207 8 146550 5 0
7032012207 9 32082 5 0
7051672851 0 304021 7 0
7051672851 1 240840 6 0
7051672851 1 269736 2 0
7051672851 7 270738 2 0
7051672851 8 450546 2 0
7051672851 9 450546 2 0
7104102050 1 55734 6 1
7117208984 8 146550 1 0
7117208984 9 32082 1 0
7149977050 0 304028 7 0
7149977050 1 55734 6 0
7897087890 0 304035 7 0
7897087890 1 55734 6 0
7923302246 0 304042 7 0
7923302246 1 240840 6 0
7975730957 1 55740 6 1
8015051757 0 304049 7 0
8015051757 1 55740 6 0
8395161132 0 304056 7 0
8395161132 2 206082 6 0
8395161132 3 817785 6 0
8421375976 0 304063 7 0
8421375976 1 55740 6 0
8441037109 0 304070 7 0
8441037109 1 240840 6 0
8460697265 0 304077 7 0
8460697265 2 361644 6 0
8460697265 3 973347 6 0
8486911132 1 55746 6 1
8532787109 0 304084 7 0
8532787109 1 55746 6 0
8572109375 4 840815 24 0
8624537109 2 20403 1 0
8624537109 3 289404 1 0
8624537109 5 140964 6 0
8624537109 4 211185 6 0
8624537109 2 878237 2 0
8624537109 3 1002251 2 0
8631090820 6 725321 1 0
8631090820 2 206082 6 0
8631090820 3 817785 6 0
8631090820 4 760114 1 0
8631090820 0 304091 24 0
8676965820 10 619257 1 1
8703181640 10 619194 1 1
8729393554 10 624698 1 1
8742501953 4 840815 1 0
8749054687 10 625413 1 1
8775270507 10 624273 6 1
8794931640 10 619592 6 1
8801485351 0 304115 3 0
8801485351 2 878237 2 0
8801485351 3 1002251 2 0
8834251953 0 304118 7 0
8834251953 1 55746 6 0
8860465820 0 304125 7 0
8860465820 1 240840 6 0
8860465820 1 269738 2 0
8860465820 7 270740 2 0
8880126953 10 624558 1 1
8899788085 1 269738 2 1
8906341796 0 304132 3 0
8906341796 2 878237 2 0
8906341796 3 1002251 2 0
8912896484 10 624862 1 1
8932556640 1 55752 6 1
8939109375 10 770748 1 1
8939109375 10 447824 1 1
8991539062 0 304135 7 0
8991539062 1 55752 6 0
9043967773 8 146150 5 0
9050520507 9 31682 5 0
9070181640 1 269738 2 0
9070181640 7 270740 2 0
9070181640 8 450548 2 0
9070181640 9 450548 2 0
9122611328 8 146150 1 0
9122611328 9 31682 1 0
9135718750 6 386238 1 1
9188146484 5 43697 1 1
9234022460 4 758692 1 1
9247129882 0 304142 7 0
9247129882 1 55752 6 0
9266790039 6 444131 2 1
9286451171 0 304149 7 0
9286451171 1 240840 6 0
9345433593 1 55758 6 1
9384754882 10 107821 8 1
9391307617 0 304156 7 0
9391307617 1 55758 6 0
9450291015 10 838506 13 0
9509272460 10 107821 8 0
9509272460 10 234342 4 0
9509272460 11 205474 13 0
9614130859 10 838506 1 0
9823845703 0 304163 7 0
9823845703 1 55758 6 0
9843505859 0 304170 7 0
9843505859 1 240840 6 0
9889382812 1 55764 6 1
9935256835 0 304177 7 0
9935256835 1 55764 6 0
9961470703 10 107349 8 1
10040115234 10 107349 8 1
10066329101 6 252068 4 1
10105650390 6 252072 4 1
10131864257 10 838506 9 0
10184293945 0 304184 7 0
10184293945 1 55764 6 0
10190848632 10 107349 8 0
10190848632 11 205487 9 0
10203955078 0 304191 7 0
10203955078 1 240840 6 0
10262936523 10 838506 1 0
10269491210 1 55770 6 1
10302259765 0 304198 7 0
10302259765 1 55770 6 0
10649599609 0 304205 7 0
10649599609 1 55770 6 0
10662707031 0 304212 7 0
10662707031 1 240840 6 0
10715134765 1 55776 6 1
10747903320 0 304219 7 0
10747903320 1 55776 6 0
11186994140 12 871567 1 1
11245977539 12 871568 2 1
11265638671 12 871570 2 1
11311512695 12 871573 2 1
11331173828 0 304226 7 0
11331173828 1 55776 6 0
11344281250 0 304233 7 0
11344281250 1 240840 6 0
11357387695 12 871571 2 1
11390156250 1 55782 6 1
11396709960 12 871574 1 1
11422924804 12 871572 1 1
11429477539 0 304240 7 0
11429477539 1 55782 6 0
11442584960 12 871574 1 1
11449138671 12 871842 1 1
11475353515 12 871843 2 1
11488459960 12 871845 1 1
11508120117 12 871846 1 1
11527782226 12 871844 1 1
11553997070 12 871845 2 1
11580210937 12 871846 2 1
11593318359 12 871845 1 1
11612977539 12 871842 2 1
11645747070 12 871848 2 1
11658853515 12 871849 1 1
11678515625 12 871849 1 1
11678515625 0 304247 7 0
11678515625 1 55782 6 0
11691622070 12 871849 1 1
11711283203 12 871847 2 1
11711283203 0 304254 7 0
11711283203 1 240840 6 0
11724389648 12 871848 1 1
11744050781 12 871848 1 1
11757158203 12 871848 1 1
11770264648 1 55788 6 1
11789925781 12 871849 2 1
11809586914 0 304261 7 0
11809586914 1 55788 6 0
11809586914 12 871844 1 1
11835801757 12 871844 2 1
11855461914 12 871845 1 1
11875123046 12 871843 1 1
11907891601 12 871850 1 1
11920998046 12 871572 2 1
11966873046 12 871842 1 1
11986534179 12 871846 1 1
12006195312 12 871847 1 1
12025856445 12 871846 1 1
12038962890 12 871847 1 1
12058624023 12 871567 2 1
12084837890 12 871569 1 1
12104498046 12 871568 1 1
12117606445 12 871569 2 1
12137267578 12 871568 1 1
12150374023 0 304268 7 0
12150374023 2 206088 6 0
12150374023 3 817791 6 0
12156927734 12 871570 1 1
12183141601 12 871850 1 1
12209357421 0 304275 7 0
12209357421 2 361644 6 0
12209357421 3 973347 6 0
12268338867 10 618223 1 1
12288000000 12 871850 2 1
12314213867 0 304282 7 0
12314213867 1 55788 6 0
12340428710 0 304289 7 0
12340428710 1 240840 6 0
12379750000 1 55794 6 1
12425625000 0 304296 7 0
12425625000 1 55794 6 0
12432179687 4 841315 55 0
12523928710 2 18055 1 0
12523928710 3 287056 1 0
12523928710 10 618435 1 1
12523928710 2 19826 1 0
12523928710 3 288827 1 0
12530483398 5 140970 6 0
12530483398 4 211191 6 0
12530483398 2 878239 2 0
12530483398 3 1002253 2 0
12530483398 13 591387 6 0
12530483398 14 591387 6 0
12530483398 1 55932 6 0
12530483398 13 591393 6 0
12530483398 14 591393 6 0
12530483398 0 304303 55 0
12628787109 10 618662 1 1
12635339843 1 55938 6 0
12635339843 1 55944 6 0
12641894531 2 206088 6 0
12641894531 3 817791 6 0
12641894531 4 760114 1 0
12700876953 4 841315 1 0
12740198242 0 304358 3 0
12740198242 2 878239 2 0
12740198242 3 1002253 2 0
12799180664 1 269740 2 0
12799180664 7 270742 2 0
12845054687 1 269740 2 1
12845054687 0 304361 3 0
12845054687 2 878239 2 0
12845054687 3 1002253 2 0
12969574218 8 146350 5 0
12969574218 9 31882 5 0
12982681640 1 269740 2 0
12982681640 7 270742 2 0
12989234375 8 450550 2 0
12989234375 9 450550 2 0
13028555664 0 304364 7 0
13028555664 8 146350 1 0
13028555664 1 55794 6 0
13028555664 9 31882 1 0
13080986328 0 304371 7 0
13080986328 1 240840 6 0
13094092773 10 618509 1 1
13139966796 1 55800 6 1
13172736328 10 618510 16 1
13185843750 0 304378 7 0
13185843750 1 55800 6 0
13434879882 0 304385 7 0
13434879882 1 55800 6 0
13461093750 0 304392 7 0
13461093750 1 240840 6 0
13500415039 1 55818 6 1
13539736328 0 304399 7 0
13539736328 1 55818 6 0
13631487304 13 591387 6 1
13644594726 0 304406 7 0
13644594726 13 591387 6 0
13644594726 14 591387 6 0
13690469726 10 618898 1 1
13749451171 10 618865 1 1
14077132812 0 304413 7 0
14077132812 13 591387 6 0
14077132812 14 591387 6 0
14077132812 10 618366 1 1
14096792968 0 304420 7 0
14103345703 1 55818 6 0
14109900390 0 304427 7 0
14109900390 13 753921 6 0
14116454101 14 753921 6 0
14136115234 0 304434 7 0
14136115234 1 240840 6 0
14162329101 10 618367 16 1
14175435546 1 55824 6 1
14214757812 0 304441 7 0
14214757812 1 55824 6 0
14313061523 10 617959 1 1
14358937500 13 591393 6 1
14411366210 0 304448 7 0
14411366210 13 591393 6 0
14411366210 14 591393 6 0
14496561523 0 304455 7 0
14496561523 1 55824 6 0
14516222656 0 304462 7 0
14516222656 1 240840 6 0
14535883789 0 304469 7 0
14535883789 13 591393 6 0
14535883789 14 591393 6 0
14562099609 0 304476 7 0
14562099609 13 753921 6 0
14568653320 14 753921 6 0
14575206054 1 55830 6 1
14614526367 0 304483 7 0
14614526367 1 55830 6 0
14647294921 10 618722 1 1
14902886718 10 618093 2 1
15007743164 0 304490 7 0
15007743164 1 55830 6 0
15020851562 0 304497 7 0
15020851562 1 240840 6 0
15060172851 10 618223 1 1
15066725585 1 55836 6 1
15112601562 0 304504 7 0
15112601562 1 55836 6 0
15296101562 10 618212 1 1
15368190429 0 304511 7 0
15368190429 1 55836 6 0
15387851562 0 304518 7 0
15387851562 1 240840 6 0
15427173828 1 55842 6 1
15479601562 0 304525 7 0
15479601562 1 55842 6 0
15840050781 0 304532 7 0
15840050781 1 55842 6 0
15846605468 10 619053 1 1
15872818359 0 304539 7 0
15872818359 1 240840 6 0
15892478515 0 304546 7 0
15892478515 2 206094 6 0
15892478515 3 817797 6 0
15931800781 1 55848 6 1
15931800781 0 304553 7 0
15931800781 2 206100 6 0
15931800781 3 817803 6 0
15951461914 0 304560 7 0
15951461914 2 361650 6 0
15951461914 3 973353 6 0
15977676757 0 304567 7 0
15977676757 2 361644 6 0
15977676757 3 973347 6 0
15990783203 0 304574 7 0
15990783203 1 55848 6 0
16056320312 4 840315 24 0
16102195312 2 16601 1 0
16102195312 3 285602 1 0
16102195312 5 140976 6 0
16102195312 4 211197 6 0
16102195312 2 878241 2 0
16102195312 3 1002255 2 0
16108749023 6 725322 1 0
16108749023 2 206094 6 0
16108749023 3 817797 6 0
16108749023 4 760113 1 0
16108749023 0 304581 24 0
16226712890 4 840315 1 0
16279142578 0 304605 3 0
16279142578 2 878241 2 0
16279142578 3 1002255 2 0
16285696289 4 840815 24 0
16311910156 0 304608 7 0
16311910156 1 55848 6 0
16325017578 0 304615 7 0
16325017578 1 240840 6 0
16338125000 1 269742 2 0
16338125000 7 270744 2 0
16344678710 2 18046 1 0
16357786132 3 287047 1 0
16357786132 5 140982 6 0
16357786132 4 211203 6 0
16357786132 2 878243 2 0
16357786132 3 1002257 2 0
16357786132 6 725323 1 0
16357786132 2 206100 6 0
16357786132 3 817803 6 0
16357786132 4 760114 1 0
16364339843 0 304622 24 0
16370893554 1 55854 6 1
16390554687 1 269742 2 1
16397107421 0 304646 3 0
16397107421 2 878241 2 0
16397107421 3 1002255 2 0
16423320312 0 304649 7 0
16423320312 1 55854 6 0
16456089843 0 304656 7 0
16456089843 2 206106 6 0
16456089843 3 817809 6 0
16475748046 4 840815 1 0
16541287109 0 304663 3 0
16541287109 2 878243 2 0
16541287109 3 1002257 2 0
16547839843 8 146550 5 0
16554394531 9 32082 5 0
16554394531 0 304666 7 0
16554394531 2 361644 6 0
16554394531 3 973347 6 0
16574054687 1 269742 2 0
16574054687 7 270744 2 0
16574054687 8 450552 2 0
16574054687 9 450552 2 0
16626484375 8 146550 1 0
16626484375 9 32082 1 0
16646144531 1 269744 2 0
16646144531 7 270746 2 0
16659251953 1 269744 2 1
16659251953 0 304673 3 0
16659251953 2 878243 2 0
16659251953 3 1002257 2 0
16692017578 0 304676 7 0
16692017578 1 55854 6 0
16698572265 4 841315 28 0
16731339843 0 304683 7 0
16731339843 1 240840 6 0
16744447265 5 140988 6 0
16744447265 4 211209 6 0
16744447265 2 878245 2 0
16744447265 3 1002259 2 0
16744447265 1 55950 6 0
16751001953 2 206106 6 0
16751001953 3 817809 6 0
16751001953 4 760114 1 0
16751001953 0 304690 28 0
16764109375 8 146150 5 0
16764109375 9 31682 5 0
16783769531 1 269744 2 0
16783769531 7 270746 2 0
16783769531 8 450554 2 0
16783769531 9 450554 2 0
16796876953 1 55860 6 1
16868966796 8 146150 1 0
16868966796 9 31682 1 0
16868966796 4 841315 1 0
16901734375 0 304718 7 0
16901734375 1 55860 6 0
16921394531 0 304725 3 0
16921394531 2 878245 2 0
16921394531 3 1002259 2 0
16967269531 1 269746 2 0
16967269531 7 270748 2 0
17000039062 0 304728 3 0
17000039062 1 269746 2 1
17000039062 2 878245 2 0
17006591796 3 1002259 2 0
17111449218 8 146350 5 0
17118003906 9 31882 5 0
17137664062 1 269746 2 0
17137664062 7 270748 2 0
17137664062 8 450556 2 0
17137664062 9 450556 2 0
17183539062 8 146350 1 0
17183539062 9 31882 1 0
17196646484 0 304731 7 0
17196646484 2 206112 6 0
17196646484 3 817815 6 0
17255628906 0 304738 7 0
17255628906 2 361644 6 0
17255628906 3 973347 6 0
17373593750 0 304745 7 0
17373593750 1 55860 6 0
17380148437 4 840315 55 0
17412914062 0 304752 7 0
17412914062 1 240840 6 0
17458789062 1 55866 6 1
17465343750 2 18023 1 0
17465343750 3 287024 1 0
17465343750 2 18062 1 0
17465343750 3 287063 1 0
17465343750 5 140994 6 0
17465343750 4 211215 6 0
17465343750 2 878247 2 0
17471896484 3 1002261 2 0
17471896484 13 591399 6 0
17471896484 14 591399 6 0
17471896484 1 55956 6 0
17471896484 13 591405 6 0
17471896484 14 591405 6 0
17471896484 0 304759 55 0
17517773437 0 304814 7 0
17517773437 1 55866 6 0
17550541015 1 55962 6 0
17550541015 1 55968 6 0
17550541015 2 206112 6 0
17550541015 3 817815 6 0
17550541015 4 760114 1 0
17609523437 4 840315 1 0
17661953125 13 591399 6 1
17661953125 0 304821 3 0
17661953125 2 878247 2 0
17668503906 3 1002261 2 0
17688166015 0 304824 7 0
17688166015 13 591399 6 0
17688166015 14 591399 6 0
17720933593 1 269748 2 0
17720933593 7 270750 2 0
17760255859 1 269748 2 1
17760255859 0 304831 3 0
17766808593 2 878247 2 0
17766808593 3 1002261 2 0
17773363281 0 304834 7 0
17779916015 13 591399 6 0
17779916015 14 591399 6 0
17799578125 0 304841 7 0
17799578125 13 753921 6 0
17799578125 14 753921 6 0
17871667968 8 146550 5 0
17871667968 9 32082 5 0
17897882812 1 269748 2 0
17897882812 7 270750 2 0
17897882812 8 450558 2 0
17897882812 9 450558 2 0
17924095703 0 304848 7 0
17924095703 1 55866 6 0
17943755859 8 146550 1 0
17943755859 9 32082 1 0
17956863281 0 304855 7 0
17956863281 1 240840 6 0
17983078125 13 591405 6 1
18002738281 1 55872 6 1
18015845703 0 304862 7 0
18022400390 13 591405 6 0
18022400390 14 591405 6 0
18042060546 0 304869 7 0
18048615234 1 55872 6 0
18133812500 0 304876 7 0
18133812500 13 591405 6 0
18133812500 14 591405 6 0
18153472656 0 304883 7 0
18153472656 13 753921 6 0
18153472656 14 753921 6 0
18422167968 0 304890 7 0
18422167968 1 55872 6 0
18441830078 0 304897 7 0
18441830078 1 240840 6 0
18481152343 1 55878 6 1
18527027343 0 304904 7 0
18527027343 1 55878 6 0
18795724609 0 304911 7 0
18795724609 1 55878 6 0
18821939453 0 304918 7 0
18821939453 1 240840 6 0
18861261718 1 55884 6 1
18907136718 0 304925 7 0
18907136718 1 55884 6 0
19195494140 0 304932 7 0
19195494140 1 55884 6 0
19215154296 0 304939 7 0
19221708984 1 240840 6 0
19274136718 1 55890 6 1
19320013671 0 304946 7 0
19320013671 1 55890 6 0
19785318359 0 304953 7 0
19785318359 1 55890 6 0
19811533203 0 304960 7 0
19811533203 1 240840 6 0
19850855468 1 55896 6 1
19877070312 11 62832 5 0
19877070312 6 253140 4 0
19890177734 0 304967 7 0
19890177734 1 55896 6 0
20191640625 6 253140 4 1
20217855468 9 20506 1 1
20925644531 15 327183 12 0
20984626953 15 610735 1 0
21633433593 3 367002 18 0
21633433593 2 428733 18 0
21698968750 2 59487 5 0
21698968750 1 572511 5 0
21698968750 6 253140 4 0
21698968750 9 572098 4 0
21698968750 8 75952 4 0
21698968750 9 7000 4 0
21698968750 8 80965 4 0
21698968750 11 62837 18 0
21797273437 3 367002 1 0
21797273437 2 428733 1 0
21843148437 9 149730 1 1
21843148437 2 59487 5 1
21875917968 9 149730 1 0
21882470703 11 62855 6 0
21882470703 2 59487 5 0
21882470703 1 572511 5 0
21915240234 11 205496 2 0
21915240234 10 258923 1 0
21967666015 10 258923 1 1
21974220703 11 62861 6 0
21974220703 2 59487 5 0
21974220703 1 572511 5 0
21980773437 6 253140 4 1
22026650390 10 835506 19 0
22085632812 10 347649 1 0
22085632812 10 108629 8 0
22085632812 10 258923 1 0
22085632812 10 90542 4 0
22085632812 10 234342 4 0
22085632812 11 205498 19 0
22282240234 10 835506 1 0
22419867187 11 62867 5 0
22419867187 6 253144 4 0
22845849609 6 253144 4 1
22872064453 9 20506 1 1
23376691406 1 55896 6 1
23435671875 0 304974 7 0
23435671875 1 55896 6 0
24313855468 3 367002 18 0
24313855468 2 428733 18 0
24346625000 2 59492 5 0
24346625000 1 572516 5 0
24346625000 6 253144 4 0
24346625000 9 572098 4 0
24346625000 8 75952 4 0
24346625000 9 7000 4 0
24346625000 8 80965 4 0
24353177734 11 62872 18 0
24444927734 3 367002 1 0
24444927734 2 428733 1 0
24490802734 9 149731 1 1
24497355468 2 59492 5 1
24517017578 11 62890 5 0
24517017578 6 253148 4 0
24530125000 9 149731 1 0
24536677734 11 62895 6 0
24536677734 2 59492 5 0
24536677734 1 572516 5 0
24556339843 11 205517 2 0
24556339843 10 258924 1 0
24602214843 10 258924 1 1
24615322265 11 62901 6 0
24615322265 2 59492 5 0
24615322265 1 572516 5 0
24621875000 6 253144 4 1
24661197265 10 90546 4 1
24693964843 10 835506 19 0
24752947265 10 347649 1 0
24759500000 10 108637 8 0
24759500000 10 258924 1 0
24759500000 10 90546 4 0
24759500000 10 234342 4 0
24759500000 11 205519 19 0
24929892578 10 835506 1 0
25500056640 6 253148 4 1
25526271484 9 20506 1 1
26430667968 15 317651 16 0
26463435546 1 55896 6 1
26489650390 15 610287 1 0
26522417968 0 304981 7 0
26522417968 1 55896 6 0
26581402343 11 62907 5 0
26581402343 6 253152 4 0
26928744140 9 7004 4 1
26954957031 3 367002 18 0
26954957031 2 428733 18 0
26994275390 2 59497 5 0
26994275390 1 572521 5 0
27000832031 6 253148 4 0
27000832031 9 572098 4 0
27000832031 8 75952 4 0
27000832031 9 7004 4 0
27000832031 8 80969 4 0
27000832031 11 62912 18 0
27099136718 3 367002 1 0
27099136718 2 428733 1 0
27138458984 9 149732 1 1
27145011718 2 59497 5 1
27145011718 6 253152 4 1
27171226562 9 20507 1 1
27184332031 9 149732 1 0
27190884765 11 62930 6 0
27190884765 2 59497 5 0
27190884765 1 572521 5 0
27210546875 11 205538 2 0
27217099609 10 258925 1 0
27276082031 10 258925 1 1
27282636718 11 62936 6 0
27289189453 2 59497 5 0
27289189453 1 572521 5 0
27295744140 6 253148 4 1
27328511718 10 234346 4 1
27354726562 10 835506 19 0
27413708984 10 347649 1 0
27413708984 10 108645 8 0
27413708984 10 258925 1 0
27413708984 10 90546 4 0
27413708984 10 234346 4 0
27413708984 11 205540 19 0
27590656250 10 835506 1 0
27616871093 6 3546 2 1
27649638671 6 3558 2 1
27688958984 9 572102 4 1
27734833984 3 367002 23 0
27734833984 2 428733 23 0
27774156250 6 253152 4 0
27774156250 2 59507 5 0
27774156250 1 572531 5 0
27774156250 2 59502 5 0
27774156250 1 572526 5 0
27774156250 9 572102 4 0
27780710937 8 75956 4 0
27780710937 9 7004 4 0
27780710937 8 80969 4 0
27780710937 11 62942 23 0
27846246093 3 367002 1 0
27846246093 2 428733 1 0
27879015625 9 25887 1 1
27885568359 2 59502 5 1
27918335937 9 149733 6 0
27931443359 11 62965 6 0
27931443359 2 59502 5 0
27931443359 1 572526 5 0
27957656250 2 59507 5 1
27964210937 9 445665 1 0
28023193359 0 304988 9 0
28023193359 3 4203 8 0
28023193359 2 612639 8 0
28023193359 9 149733 6 0
28062515625 3 4203 8 1
28062515625 9 25887 1 1
28069068359 11 62971 6 0
28069068359 2 59502 5 0
28075623046 1 572526 5 0
28088730468 5 22365 1 1
28088730468 9 25887 1 0
28108390625 9 149733 1 1
28114945312 10 85578 1 1
28141158203 9 149733 1 0
28154265625 2 19958 1 1
28187033203 10 85578 1 0
28272230468 4 837815 26 0
28318105468 2 20697 1 0
28318105468 3 289698 1 0
28324660156 2 19958 1 0
28324660156 3 288959 1 0
28324660156 5 141000 6 0
28324660156 4 211221 6 0
28324660156 2 878249 2 0
28324660156 3 1002263 2 0
28324660156 6 725324 1 0
28324660156 3 4203 8 0
28324660156 2 612639 8 0
28324660156 0 304997 26 0
28442623046 4 837815 1 0
28508160156 0 305023 3 0
28508160156 2 878249 2 0
28508160156 3 1002263 2 0
28567142578 1 269750 2 0
28567142578 7 270752 2 0
28599910156 1 269750 2 1
28599910156 0 305026 3 0
28599910156 2 878249 2 0
28606464843 3 1002263 2 0
28632679687 10 618086 1 1
28711320312 8 146150 5 0
28711320312 9 31682 5 0
28744089843 1 269750 2 0
28744089843 7 270752 2 0
28744089843 8 450560 2 0
28744089843 9 450560 2 0
28783410156 8 146150 1 0
28783410156 9 31682 1 0
29052109375 10 618152 1 1
29556736328 1 55896 6 1
29602611328 0 305029 7 0
29609166015 1 55896 6 0
29628826171 16 91389 64 0
29700914062 0 305036 7 0
29700914062 1 55896 6 0
29759896484 0 305043 7 0
29766451171 1 240840 6 0
29818880859 1 55902 6 1
29851648437 0 305050 7 0
29858201171 1 55902 6 0
29890970703 0 305057 7 0
29890970703 2 206118 6 0
29890970703 3 817821 6 0
29930292968 0 305064 7 0
29930292968 2 361644 6 0
29930292968 3 973347 6 0
30048255859 4 840815 61 0
30153115234 2 18437 1 0
30153115234 3 287438 1 0
30153115234 2 18085 1 0
30153115234 3 287086 1 0
30153115234 5 141006 6 0
30153115234 4 211227 6 0
30153115234 2 878251 2 0
30153115234 3 1002265 2 0
30153115234 13 591411 6 0
30159666015 14 591411 6 0
30159666015 13 591417 6 0
30159666015 14 591417 6 0
30159666015 1 55974 6 0
30159666015 0 305071 61 0
30205541015 0 305132 7 0
30205541015 1 55902 6 0
30231755859 0 305139 7 0
30231755859 1 240840 6 0
30251417968 13 591423 6 0
30251417968 14 591423 6 0
30251417968 1 55980 6 0
30251417968 1 55986 6 0
30251417968 2 206118 6 0
30251417968 3 817821 6 0
30251417968 4 760114 1 0
30277630859 1 55908 6 1
30330058593 4 840815 1 0
30349722656 0 305146 7 0
30349722656 1 55908 6 0
30369382812 0 305153 3 0
30369382812 2 878251 2 0
30369382812 3 1002265 2 0
30389042968 13 591411 6 1
30408705078 0 305156 7 0
30408705078 13 591411 6 0
30408705078 14 591411 6 0
30415257812 1 269752 2 0
30415257812 7 270754 2 0
30467685546 1 269752 2 1
30467685546 0 305163 3 0
30467685546 2 878251 2 0
30467685546 3 1002265 2 0
30487345703 0 305166 7 0
30487345703 13 591411 6 0
30493900390 14 591411 6 0
30507007812 0 305173 7 0
30513560546 13 753921 6 0
30513560546 14 753921 6 0
30572544921 8 146350 5 0
30572544921 9 31882 5 0
30585652343 10 618879 1 1
30585652343 1 269752 2 0
30585652343 7 270754 2 0
30585652343 8 450562 2 0
30585652343 9 450562 2 0
30631527343 8 146350 1 0
30631527343 9 31882 1 0
30716722656 13 591417 6 1
30756044921 0 305180 7 0
30756044921 1 55908 6 0
30769152343 0 305187 7 0
30769152343 13 591417 6 0
30769152343 14 591417 6 0
30795367187 0 305194 7 0
30795367187 1 240840 6 0
30828134765 10 619134 1 1
30841242187 1 55926 6 1
30867457031 0 305201 7 0
30867457031 13 591417 6 0
30867457031 14 591417 6 0
30887117187 0 305208 7 0
30887117187 1 55926 6 0
30893671875 10 619135 16 1
30900224609 0 305215 7 0
30900224609 13 753921 6 0
30900224609 14 753921 6 0
30952652343 13 591423 6 1
30991974609 0 305222 7 0
30991974609 13 591423 6 0
30991974609 14 591423 6 0
31018187500 10 618308 1 1
31116494140 10 618576 1 1
31273779296 0 305229 7 0
31273779296 1 55926 6 0
31293439453 0 305236 7 0
31293439453 1 240840 6 0
31345869140 1 55932 6 1
31398298828 10 29925 1 0
31398298828 0 305243 7 0
31398298828 1 55932 6 0
31450724609 10 446103 1 1
31503154296 10 446103 1 0
31811173828 10 618370 1 1
31942246093 0 305250 7 0
31942246093 1 55932 6 0
31955353515 0 305257 7 0
31955353515 1 240840 6 0
32007781250 1 55938 6 1
32040550781 0 305264 7 0
32047103515 1 55938 6 0
32322353515 10 619057 1 1
32387890625 10 618868 1 1
32407550781 0 305271 7 0
32407550781 1 55938 6 0
32420658203 0 305278 7 0
32420658203 1 240840 6 0
32466533203 1 55944 6 1
32512410156 0 305285 7 0
32512410156 1 55944 6 0
33665843750 0 305292 7 0
33665843750 2 206124 6 0
33665843750 3 817827 6 0
33718273437 0 305299 7 0
33718273437 2 361644 6 0
33718273437 3 973347 6 0
33836234375 0 305306 7 0
33842789062 1 55944 6 0
33862449218 0 305313 7 0
33862449218 1 240840 6 0
33869003906 4 841315 61 0
33901773437 10 618366 1 1
33908324218 1 55950 6 1
33947648437 0 305320 7 0
33947648437 1 55950 6 0
33954199218 2 18437 1 0
33954199218 3 287438 1 0
33960753906 2 18085 1 0
33960753906 3 287086 1 0
33960753906 5 141012 6 0
33960753906 10 618367 16 1
33960753906 4 211233 6 0
33960753906 2 878253 2 0
33960753906 3 1002267 2 0
33960753906 13 591429 6 0
33967308593 14 591429 6 0
33967308593 13 591435 6 0
33967308593 14 591435 6 0
33967308593 1 55992 6 0
33967308593 0 305327 61 0
34059058593 13 591441 6 0
34059058593 14 591441 6 0
34059058593 1 55998 6 0
34059058593 1 56004 6 0
34059058593 2 206124 6 0
34059058593 3 817827 6 0
34059058593 4 760114 1 0
34111488281 4 841315 1 0
34157363281 13 591423 6 1
34163917968 0 305388 3 0
34163917968 2 878253 2 0
34170472656 3 1002267 2 0
34183578125 0 305391 7 0
34183578125 13 591423 6 0
34183578125 14 591423 6 0
34222898437 1 269754 2 0
34222898437 7 270756 2 0
34262222656 0 305398 3 0
34262222656 1 269754 2 1
34262222656 2 878253 2 0
34262222656 3 1002267 2 0
34281882812 10 618722 1 1
34360523437 10 618618 1 1
34367078125 8 146550 5 0
34367078125 9 32082 5 0
34386738281 1 269754 2 0
34393292968 7 270756 2 0
34393292968 8 450564 2 0
34393292968 9 450564 2 0
34426058593 0 305401 7 0
34426058593 2 206130 6 0
34426058593 3 817833 6 0
34439167968 8 146550 1 0
34439167968 9 32082 1 0
34465382812 0 305408 7 0
34465382812 2 361644 6 0
34465382812 3 973347 6 0
34570238281 4 840315 55 0
34655437500 2 18023 1 0
34655437500 3 287024 1 0
34655437500 2 18054 1 0
34661992187 3 287055 1 0
34661992187 5 141018 6 0
34661992187 4 211239 6 0
34661992187 2 878255 2 0
34661992187 3 1002269 2 0
34661992187 13 591447 6 0
34661992187 14 591447 6 0
34661992187 1 56010 6 0
34661992187 13 591453 6 0
34661992187 14 591453 6 0
34661992187 0 305415 55 0
34707867187 11 62977 5 0
34707867187 6 253156 4 0
34740636718 0 305470 7 0
34740636718 1 55950 6 0
34753742187 0 305477 7 0
34753742187 1 240840 6 0
34753742187 1 56016 6 0
34760296875 1 56022 6 0
34760296875 2 206130 6 0
34760296875 3 817833 6 0
34760296875 4 760114 1 0
34793062500 1 55956 6 1
34845488281 4 840315 1 0
34858597656 0 305484 7 0
34858597656 1 55956 6 0
34891363281 0 305491 3 0
34891363281 2 878255 2 0
34891363281 3 1002269 2 0
34891363281 6 253156 4 1
34904472656 9 20507 1 1
34950347656 1 269756 2 0
34950347656 7 270758 2 0
34989667968 0 305494 3 0
34989667968 2 878255 2 0
34989667968 3 1002269 2 0
35002777343 10 619029 1 1
35146957031 1 269756 2 1
35199386718 0 305497 7 0
35199386718 2 206136 6 0
35199386718 3 817839 6 0
35251816406 0 305504 7 0
35251816406 2 361644 6 0
35258371093 3 973347 6 0
35258371093 8 146150 5 0
35258371093 9 31682 5 0
35278031250 5 22365 1 1
35278031250 1 269756 2 0
35278031250 7 270758 2 0
35278031250 8 450566 2 0
35278031250 9 450566 2 0
35330457031 8 146150 1 0
35330457031 9 31682 1 0
35330457031 0 305511 7 0
35330457031 1 55956 6 0
35382886718 0 305518 7 0
35382886718 1 240840 6 0
35389437500 4 840815 38 0
35428761718 6 4134 2 1
35435312500 1 55962 6 1
35454976562 5 24759 1 0
35454976562 2 20697 1 0
35454976562 3 289698 1 0
35454976562 2 16528 1 0
35454976562 3 285529 1 0
35454976562 5 141024 6 0
35454976562 4 211245 6 0
35461527343 2 878257 2 0
35461527343 3 1002271 2 0
35461527343 13 591459 6 0
35461527343 14 591459 6 0
35461527343 1 56028 6 0
35461527343 0 305525 38 0
35474636718 6 4392 2 1
35500851562 0 305563 7 0
35500851562 1 55962 6 0
35527066406 3 367002 23 0
35527066406 2 428733 23 0
35533617187 10 618086 1 1
35559832031 2 206136 6 0
35559832031 3 817839 6 0
35559832031 4 760114 1 0
35618816406 6 253156 4 0
35618816406 2 59517 5 0
35618816406 1 572541 5 0
35618816406 2 59512 5 0
35618816406 1 572536 5 0
35618816406 9 572102 4 0
35618816406 8 75956 4 0
35618816406 9 7004 4 0
35625371093 8 80969 4 0
35625371093 11 62982 23 0
35645031250 4 840815 1 0
35690906250 0 305570 3 0
35690906250 2 878257 2 0
35690906250 3 1002271 2 0
35717121093 3 367002 1 0
35717121093 2 428733 1 0
35743335937 1 269758 2 0
35743335937 7 270760 2 0
35769550781 9 149734 1 1
35769550781 2 59512 5 1
35776105468 1 269758 2 1
35782656250 0 305573 3 0
35782656250 2 878257 2 0
35782656250 3 1002271 2 0
35802320312 9 149734 1 0
35808871093 11 63005 6 0
35808871093 2 59512 5 0
35808871093 1 572536 5 0
35887511718 2 59517 5 1
35900621093 8 146350 5 0
35907171875 9 31882 5 0
35907171875 0 305576 7 0
35913726562 1 55962 6 0
35939941406 0 305583 9 0
35939941406 3 4211 8 0
35939941406 2 612647 8 0
35939941406 1 269758 2 0
35939941406 7 270760 2 0
35939941406 8 450568 2 0
35939941406 9 450568 2 0
35959601562 0 305592 7 0
35959601562 1 240840 6 0
35992371093 3 4211 8 1
35998925781 11 63011 6 0
35998925781 2 59512 5 0
36005476562 1 572536 5 0
36005476562 8 146350 1 0
36005476562 9 31882 1 0
36031691406 1 55968 6 1
36044800781 5 22365 1 1
36116890625 0 305599 7 0
36116890625 1 55968 6 0
36143105468 4 836815 25 0
36182425781 2 20697 1 0
36182425781 3 289698 1 0
36182425781 5 141030 6 0
36182425781 4 211251 6 0
36182425781 2 878259 2 0
36182425781 3 1002273 2 0
36182425781 6 725325 1 0
36182425781 3 4211 8 0
36182425781 2 612647 8 0
36182425781 0 305606 25 0
36306945312 4 836815 1 0
36372476562 0 305631 3 0
36372476562 2 878259 2 0
36372476562 3 1002273 2 0
36444570312 1 269760 2 0
36444570312 7 270762 2 0
36490445312 1 269760 2 1
36490445312 0 305634 3 0
36490445312 2 878259 2 0
36490445312 3 1002273 2 0
36536320312 0 305637 7 0
36536320312 1 55968 6 0
36575640625 0 305644 7 0
36575640625 1 240840 6 0
36595300781 8 146550 5 0
36595300781 9 32082 5 0
36628070312 1 55974 6 1
36641179687 1 269760 2 0
36641179687 7 270762 2 0
36641179687 8 450570 2 0
36641179687 9 450570 2 0
36660839843 0 305651 7 0
36660839843 1 55974 6 0
36700160156 8 146550 1 0
36700160156 9 32082 1 0
36883660156 0 305658 7 0
36883660156 1 55974 6 0
36903320312 0 305665 7 0
36903320312 1 240840 6 0
36955750000 1 55980 6 1
36995070312 0 305672 7 0
36995070312 1 55980 6 0
37217894531 13 591459 6 1
37237554687 0 305679 7 0
37237554687 13 591459 6 0
37237554687 14 591459 6 0
37434164062 10 618144 1 1
37493144531 0 305686 7 0
37493144531 1 55980 6 0
37506253906 0 305693 7 0
37506253906 1 240840 6 0
37552128906 1 55986 6 1
37591449218 0 305700 7 0
37591449218 1 55986 6 0
37899468750 0 305707 7 0
37899468750 1 55986 6 0
37919128906 0 305714 7 0
37919128906 1 240840 6 0
37965003906 1 55992 6 1
38004324218 0 305721 7 0
38004324218 1 55992 6 0
38784207031 0 305728 7 0
38784207031 1 55992 6 0
38810421875 0 305735 7 0
38810421875 1 240840 6 0
38843183593 0 305742 7 0
38843183593 2 206142 6 0
38843183593 3 817845 6 0
38856292968 1 55998 6 1
38875953125 10 618440 1 1
38895613281 0 305749 7 0
38895613281 2 361644 6 0
38895613281 3 973347 6 0
38902167968 0 305756 7 0
38902167968 1 55998 6 0
38993917968 4 841315 24 0
39039796875 2 18765 1 0
39039796875 3 287766 1 0
39039796875 5 141036 6 0
39039796875 4 211257 6 0
39039796875 2 878261 2 0
39039796875 3 1002275 2 0
39039796875 6 725326 1 0
39039796875 2 206142 6 0
39039796875 3 817845 6 0
39039796875 4 760114 1 0
39039796875 0 305763 24 0
39164312500 4 841315 1 0
39203636718 0 305787 3 0
39203636718 2 878261 2 0
39203636718 3 1002275 2 0
39223296875 0 305790 7 0
39223296875 1 55998 6 0
39242957031 0 305797 7 0
39242957031 1 240840 6 0
39249511718 1 269762 2 0
39249511718 7 270764 2 0
39295386718 1 56004 6 1
39328156250 0 305804 3 0
39328156250 1 269762 2 1
39328156250 2 878261 2 0
39328156250 3 1002275 2 0
39360921875 0 305807 7 0
39367472656 1 56004 6 0
39433011718 0 305814 7 0
39433011718 2 206148 6 0
39433011718 3 817851 6 0
39498546875 0 305821 7 0
39498546875 2 361644 6 0
39498546875 3 973347 6 0
39498546875 8 146150 5 0
39498546875 9 31682 5 0
39518207031 1 269762 2 0
39518207031 7 270764 2 0
39518207031 8 450572 2 0
39518207031 9 450572 2 0
39531316406 5 47970 1 1
39564082031 6 461035 2 1
39564082031 8 146150 1 0
39564082031 9 31682 1 0
39603406250 4 84229 2 1
39682046875 2 20583 1 1
39695156250 0 305828 7 0
39695156250 1 56004 6 0
39721371093 15 327196 1 1
39741031250 0 305835 7 0
39741031250 1 240840 6 0
39754140625 15 327196 1 0
39786906250 15 610749 1 0
39813121093 4 840315 50 0
39819675781 1 56010 6 1
39858992187 0 305842 7 0
39858992187 1 56010 6 0
39898316406 5 24759 1 0
39898316406 2 18469 1 0
39904867187 3 287470 1 0
39904867187 2 20583 1 0
39904867187 3 289584 1 0
39904867187 5 141042 6 0
39904867187 4 211263 6 0
39904867187 2 878263 2 0
39904867187 3 1002277 2 0
39904867187 1 56034 6 0
39904867187 13 591465 6 0
39904867187 14 591465 6 0
39904867187 0 305849 50 0
39944191406 10 618863 1 1
39990066406 1 56040 6 0
39990066406 1 56046 6 0
39990066406 2 206148 6 0
39990066406 3 817851 6 0
39990066406 4 760114 1 0
40068710937 4 840315 1 0
40121140625 0 305899 3 0
40121140625 2 878263 2 0
40121140625 3 1002277 2 0
40173570312 1 269764 2 0
40173570312 7 270766 2 0
40212890625 1 269764 2 1
40219445312 0 305902 3 0
40219445312 2 878263 2 0
40219445312 3 1002277 2 0
40265320312 13 591459 6 1
40284980468 0 305905 7 0
40284980468 13 591459 6 0
40284980468 14 591459 6 0
40324300781 8 146350 5 0
40324300781 9 31882 5 0
40337406250 1 269764 2 0
40337406250 7 270766 2 0
40337406250 8 450574 2 0
40337406250 9 450574 2 0
40357066406 0 305912 7 0
40357066406 2 206154 6 0
40363621093 3 817857 6 0
40370175781 0 305919 7 0
40370175781 13 591459 6 0
40376726562 14 591459 6 0
40389835937 8 146350 1 0
40389835937 9 31882 1 0
40396390625 0 305926 7 0
40396390625 13 753921 6 0
40396390625 14 753921 6 0
40435710937 0 305933 7 0
40435710937 2 361644 6 0
40435710937 3 973347 6 0
40468480468 13 591423 6 1
40540570312 0 305940 7 0
40540570312 1 56010 6 0
40540570312 4 840815 24 0
40560230468 0 305947 7 0
40560230468 13 591423 6 0
40566785156 14 591423 6 0
40586445312 0 305954 7 0
40586445312 1 240840 6 0
40599550781 2 18010 1 0
40599550781 3 287011 1 0
40599550781 5 141048 6 0
40599550781 4 211269 6 0
40606105468 2 878265 2 0
40606105468 3 1002279 2 0
40606105468 6 725327 1 0
40606105468 2 206154 6 0
40606105468 3 817857 6 0
40606105468 4 760114 1 0
40612660156 0 305961 24 0
40632320312 1 56016 6 1
40638875000 0 305985 7 0
40638875000 2 206160 6 0
40645425781 3 817863 6 0
40671640625 0 305992 7 0
40671640625 1 56016 6 0
40724070312 4 840815 1 0
40743734375 0 305999 7 0
40743734375 2 361650 6 0
40743734375 3 973353 6 0
40769945312 0 306006 3 0
40776500000 2 878265 2 0
40776500000 3 1002279 2 0
40828929687 1 269766 2 0
40828929687 7 270768 2 0
40861695312 0 306009 7 0
40861695312 13 591423 6 0
40868246093 14 591423 6 0
40868246093 4 841315 24 0
40874800781 1 269766 2 1
40881355468 0 306016 7 0
40881355468 13 753921 6 0
40881355468 14 753921 6 0
40894460937 0 306023 3 0
40894460937 2 878265 2 0
40894460937 3 1002279 2 0
40927230468 2 16601 1 0
40927230468 3 285602 1 0
40927230468 5 141054 6 0
40927230468 4 211275 6 0
40927230468 2 878267 2 0
40927230468 3 1002281 2 0
40927230468 6 725328 1 0
40933785156 2 206160 6 0
40933785156 3 817863 6 0
40933785156 4 760113 1 0
40933785156 0 306026 24 0
40940339843 13 591429 6 1
40979660156 0 306050 7 0
40979660156 13 591429 6 0
40979660156 14 591429 6 0
40992765625 8 146550 5 0
40992765625 9 32082 5 0
41018980468 1 269766 2 0
41018980468 7 270768 2 0
41018980468 8 450576 2 0
41018980468 9 450576 2 0
41058304687 4 841315 1 0
41064859375 8 146550 1 0
41064859375 9 32082 1 0
41097625000 0 306057 3 0
41097625000 2 878267 2 0
41097625000 3 1002281 2 0
41163164062 1 269768 2 0
41163164062 7 270770 2 0
41176269531 1 269768 2 1
41176269531 0 306060 3 0
41182824218 2 878267 2 0
41182824218 3 1002281 2 0
41287679687 8 146150 5 0
41287679687 9 31682 5 0
41307343750 1 269768 2 0
41313894531 7 270770 2 0
41313894531 8 450578 2 0
41313894531 9 450578 2 0
41366320312 8 146150 1 0
41366320312 9 31682 1 0
41431859375 0 306063 7 0
41438410156 13 591429 6 0
41438410156 14 591429 6 0
41458074218 0 306070 7 0
41458074218 13 753921 6 0
41458074218 14 753921 6 0
41503949218 13 591435 6 1
41543269531 0 306077 7 0
41543269531 13 591435 6 0
41543269531 14 591435 6 0
41595699218 0 306084 7 0
41595699218 1 56016 6 0
41635019531 10 618645 1 1
41641574218 0 306091 7 0
41641574218 1 240840 6 0
41687449218 1 56022 6 1
41726773437 0 306098 7 0
41726773437 1 56022 6 0
41831628906 10 618886 1 1
42146203125 10 618775 1 1
42257613281 10 618879 1 1
42395238281 15 315222 16 0
42414898437 10 85579 1 0
42434558593 15 608563 1 1
42467328125 15 608563 1 0
42473878906 10 446059 1 0
42611507812 0 306105 7 0
42611507812 13 591435 6 0
42611507812 14 591435 6 0
42631167968 0 306112 7 0
42631167968 13 753921 6 0
42631167968 14 753921 6 0
42644277343 0 306119 7 0
42650828125 1 56022 6 0
42670492187 0 306126 7 0
42670492187 1 240840 6 0
42683597656 13 591441 6 1
42709812500 1 56028 6 1
42716367187 0 306133 7 0
42716367187 13 591441 6 0
42716367187 14 591441 6 0
42755687500 0 306140 7 0
42755687500 1 56028 6 0
42781902343 16 91453 64 0
42991617187 0 306147 7 0
42991617187 13 591441 6 0
42991617187 14 591441 6 0
43011277343 0 306154 7 0
43017828125 13 753921 6 0
43017828125 14 753921 6 0
43070257812 13 591447 6 1
43096472656 0 306161 7 0
43096472656 1 56028 6 0
43109582031 0 306168 7 0
43116132812 1 240840 6 0
43122687500 0 306175 7 0
43122687500 13 591447 6 0
43122687500 14 591447 6 0
43155457031 1 56034 6 1
43201332031 0 306182 7 0
43201332031 1 56034 6 0
43456921875 0 306189 7 0
43456921875 13 591447 6 0
43456921875 14 591447 6 0
43476582031 0 306196 7 0
43476582031 13 753921 6 0
43476582031 14 753921 6 0
43496242187 0 306203 7 0
43496242187 1 56034 6 0
43509351562 0 306210 7 0
43509351562 1 240840 6 0
43535562500 13 591453 6 1
43555226562 1 56040 6 1
43568332031 0 306217 7 0
43568332031 13 591453 6 0
43568332031 14 591453 6 0
43594546875 0 306224 7 0
43601101562 1 56040 6 0
43889457031 0 306231 7 0
43889457031 13 591453 6 0
43889457031 14 591453 6 0
43915671875 0 306238 7 0
43915671875 13 753921 6 0
43915671875 14 753921 6 0
43974656250 13 591465 6 1
44020531250 0 306245 7 0
44020531250 13 591465 6 0
44020531250 14 591465 6 0
44066406250 0 306252 7 0
44066406250 1 56040 6 0
44092621093 0 306259 7 0
44092621093 1 240840 6 0
44131941406 1 56046 6 1
44177816406 0 306266 7 0
44184371093 1 56046 6 0
44256460937 0 306273 7 0
44256460937 2 206166 6 0
44263015625 3 817869 6 0
44263015625 0 306280 7 0
44263015625 13 591465 6 0
44263015625 14 591465 6 0
44282675781 0 306287 7 0
44282675781 13 753921 6 0
44282675781 14 753921 6 0
44308890625 0 306294 7 0
44308890625 2 361644 6 0
44308890625 3 973347 6 0
44407191406 4 840315 24 0
44459621093 2 18010 1 0
44459621093 3 287011 1 0
44466175781 5 141060 6 0
44466175781 4 211281 6 0
44466175781 2 878269 2 0
44466175781 3 1002283 2 0
44466175781 6 725329 1 0
44466175781 2 206166 6 0
44466175781 3 817869 6 0
44466175781 4 760114 1 0
44466175781 0 306301 24 0
44584140625 4 840315 1 0
44623460937 0 306325 3 0
44630015625 2 878269 2 0
44630015625 3 1002283 2 0
44682445312 1 269770 2 0
44682445312 7 270772 2 0
44721765625 1 269770 2 1
44721765625 0 306328 3 0
44721765625 2 878269 2 0
44721765625 3 1002283 2 0
44839734375 8 146350 5 0
44839734375 9 31882 5 0
44859390625 1 269770 2 0
44859390625 7 270772 2 0
44859390625 8 450580 2 0
44865945312 9 450580 2 0
44905265625 8 146350 1 0
44905265625 9 31882 1 0
45141195312 0 306331 7 0
45141195312 1 56046 6 0
45187074218 0 306338 7 0
45187074218 1 240840 6 0
45737574218 10 619190 1 1
45783449218 10 624687 1 1
45809664062 10 625225 1 1
45868644531 10 619266 1 1
46091468750 6 386134 1 1
46130789062 5 48328 1 1
46163558593 4 758853 1 1
46196328125 6 462463 2 1
46320847656 10 107349 8 1
46392933593 10 838506 13 0
46451914062 10 107349 8 0
46451914062 10 234346 4 0
46451914062 11 205559 13 0
46550218750 10 838506 1 0
46753382812 10 29977 16 0
46871343750 10 29993 1 0
46897558593 10 446104 1 1
46949988281 10 446104 1 0
47179367187 10 107829 8 1
47205582031 0 306345 7 0
47212136718 2 206172 6 0
47212136718 3 817875 6 0
47231796875 10 107829 8 1
47244902343 6 252488 4 1
47258011718 0 306352 7 0
47258011718 2 361650 6 0
47258011718 3 973353 6 0
47297332031 6 252492 4 1
47323546875 10 838506 9 0
47356312500 4 840815 24 0
47382527343 10 107829 8 0
47382527343 11 205572 9 0
47408742187 2 16601 1 0
47408742187 3 285602 1 0
47415292968 5 141066 6 0
47415292968 4 211287 6 0
47415292968 2 878271 2 0
47415292968 3 1002285 2 0
47415292968 6 725330 1 0
47415292968 2 206172 6 0
47415292968 3 817875 6 0
47415292968 4 760113 1 0
47415292968 0 306359 24 0
47441507812 10 838506 1 0
47552921875 4 840815 1 0
47598796875 0 306383 3 0
47605351562 2 878271 2 0
47605351562 3 1002285 2 0
47664332031 1 269772 2 0
47664332031 7 270774 2 0
47690546875 1 269772 2 1
47690546875 0 306386 3 0
47690546875 2 878271 2 0
47697101562 3 1002285 2 0
47801960937 8 146550 5 0
47801960937 9 32082 5 0
47828175781 1 269772 2 0
47828175781 7 270774 2 0
47828175781 8 450582 2 0
47828175781 9 450582 2 0
47874046875 8 146550 1 0
47874046875 9 32082 1 0
48195175781 0 306389 7 0
48195175781 2 206178 6 0
48195175781 3 817881 6 0
48247605468 0 306396 7 0
48247605468 2 361644 6 0
48247605468 3 973347 6 0
48378671875 4 841315 61 0
48457316406 2 18437 1 0
48457316406 3 287438 1 0
48457316406 2 18085 1 0
48457316406 3 287086 1 0
48457316406 5 141072 6 0
48457316406 4 211293 6 0
48463871093 2 878273 2 0
48463871093 3 1002287 2 0
48463871093 13 591471 6 0
48463871093 14 591471 6 0
48463871093 13 591477 6 0
48463871093 14 591477 6 0
48463871093 1 56052 6 0
48463871093 0 306403 61 0
48562175781 13 591483 6 0
48562175781 14 591483 6 0
48562175781 1 56058 6 0
48568730468 1 56064 6 0
48568730468 2 206178 6 0
48568730468 3 817881 6 0
48568730468 4 760114 1 0
48627710937 4 841315 1 0
48673585937 0 306464 3 0
48673585937 2 878273 2 0
48673585937 3 1002287 2 0
48739125000 1 269774 2 0
48739125000 7 270776 2 0
48778445312 1 269774 2 1
48785000000 0 306467 3 0
48785000000 2 878273 2 0
48785000000 3 1002287 2 0
48889855468 8 146150 5 0
48889855468 9 31682 5 0
48909515625 1 269774 2 0
48909515625 7 270776 2 0
48909515625 8 450584 2 0
48909515625 9 450584 2 0
48968500000 8 146150 1 0
48968500000 9 31682 1 0
49197875000 16 91357 16 0
49230644531 16 91357 16 0
49230644531 10 618223 1 1
49250304687 16 91357 16 0
49263414062 16 91357 16 0
49283074218 16 91357 16 0
49289628906 1 56052 6 1
49296179687 16 91357 16 0
49315839843 16 91357 16 0
49328949218 16 91357 16 0
49328949218 0 306470 7 0
49335503906 1 56052 6 0
49348605468 16 91373 13 0
49368265625 16 91373 13 0
49381375000 16 91373 13 0
49394480468 13 591471 6 1
49401035156 16 91373 13 0
49414144531 16 91373 13 0
49433804687 16 91373 13 0
49446910156 16 91373 13 0
49466570312 16 91373 13 0
49479679687 0 306477 7 0
49479679687 13 591471 6 0
49479679687 14 591471 6 0
49479679687 16 91373 13 0
49492785156 0 306484 7 0
49492785156 1 56052 6 0
49499339843 16 91373 13 0
49512449218 0 306491 7 0
49512449218 1 240840 6 0
49512449218 16 91373 13 0
49532109375 16 91373 13 0
49545214843 16 91373 13 0
49564875000 0 306498 7 0
49564875000 13 591471 6 0
49564875000 14 591471 6 0
49564875000 16 820 1 0
49584539062 0 306505 7 0
49584539062 13 753921 6 0
49584539062 14 753921 6 0
49623859375 16 91373 3 1
49663179687 16 91373 13 0
49676289062 16 91902 3 0
49702503906 16 91373 13 0
49709058593 10 618662 1 1
49728718750 16 91902 3 0
49754933593 16 91373 13 0
49761484375 0 306512 7 0
49761484375 2 206184 6 0
49768039062 3 817887 6 0
49774593750 16 91902 3 0
49800808593 16 91373 13 0
49813914062 0 306519 7 0
49813914062 2 361644 6 0
49813914062 3 973347 6 0
49827023437 16 91902 3 0
49853234375 16 91905 16 0
49866339843 13 591477 6 1
49872894531 16 91905 16 0
49886000000 16 91905 16 0
49905664062 16 820 1 0
49918769531 0 306526 7 0
49918769531 13 591477 6 0
49918769531 14 591477 6 0
49931878906 4 840315 24 0
49990859375 2 18046 1 0
49990859375 3 287047 1 0
49990859375 5 141078 6 0
49990859375 4 211299 6 0
49990859375 2 878275 2 0
49990859375 3 1002289 2 0
49990859375 6 725331 1 0
49990859375 2 206184 6 0
49990859375 3 817887 6 0
49990859375 4 760114 1 0
49990859375 0 306533 24 0
50017074218 1 56058 6 1
50049843750 0 306557 7 0
50049843750 13 591477 6 0
50049843750 14 591477 6 0
50062949218 0 306564 7 0
50062949218 1 56058 6 0
50089164062 0 306571 7 0
50089164062 13 753921 6 0
50089164062 14 753921 6 0
50108824218 4 840315 1 0
50148148437 0 306578 7 0
50148148437 1 56058 6 0
50154703125 13 591483 6 1
50161253906 10 618458 1 1
50161253906 0 306585 3 0
50161253906 2 878275 2 0
50161253906 3 1002289 2 0
50180914062 0 306588 7 0
50180914062 1 240840 6 0
50200578125 0 306595 7 0
50200578125 13 591483 6 0
50200578125 14 591483 6 0
50220238281 1 269776 2 0
50220238281 7 270778 2 0
50233343750 1 56064 6 1
50246453125 1 269776 2 1
50253007812 0 306602 3 0
50253007812 2 878275 2 0
50253007812 3 1002289 2 0
50292328125 0 306605 7 0
50292328125 1 56064 6 0
50351308593 0 306612 7 0
50351308593 13 591483 6 0
50357859375 14 591483 6 0
50377523437 0 306619 7 0
50377523437 13 753921 6 0
50377523437 14 753921 6 0
50423398437 8 146350 5 0
50423398437 9 31882 5 0
50436503906 1 269776 2 0
50436503906 7 270778 2 0
50436503906 8 450586 2 0
50443058593 9 450586 2 0
50443058593 10 618668 1 1
50475828125 10 618669 16 1
50488933593 8 146350 1 0
50488933593 9 31882 1 0
50646222656 0 306626 7 0
50646222656 1 56064 6 0
50685542968 0 306633 7 0
50685542968 1 240840 6 0
50790402343 10 618145 1 1
51255707031 10 619172 1 1
51295027343 10 619173 15 1
51406437500 10 618509 1 1
51485082031 10 618510 16 1
51943832031 10 618366 1 1
51996261718 10 618367 16 1
52140441406 10 618722 1 1
52225640625 10 618377 1 1
52907210937 10 618352 1 1
52972746093 10 618395 1 1
53110375000 10 618796 1 1
53628109375 0 306640 7 0
53628109375 2 206190 6 0
53628109375 3 817893 6 0
53654324218 10 619029 1 1
53667429687 0 306647 7 0
53667429687 2 361650 6 0
53667429687 3 973353 6 0
53765734375 4 840815 24 0
53818164062 2 16601 1 0
53818164062 3 285602 1 0
53818164062 5 141084 6 0
53818164062 4 211305 6 0
53818164062 2 878277 2 0
53818164062 3 1002291 2 0
53818164062 6 725332 1 0
53818164062 2 206190 6 0
53818164062 3 817893 6 0
53818164062 4 760113 1 0
53824718750 0 306654 24 0
53870589843 16 269222 10 0
53929574218 16 269222 10 0
53929574218 4 840815 1 0
53942679687 16 269222 10 0
53962339843 16 269222 10 0
53975449218 0 306678 3 0
53975449218 2 878277 2 0
53975449218 3 1002291 2 0
53975449218 16 269222 10 0
53995109375 16 269222 10 0
54008218750 16 886 1 0
54021324218 1 269778 2 0
54027878906 7 270780 2 0
54060644531 1 269778 2 1
54060644531 0 306681 3 0
54060644531 2 878277 2 0
54060644531 3 1002291 2 0
54073753906 16 269222 6 1
54119628906 16 269222 10 0
54139289062 16 269748 6 0
54158949218 16 269222 10 0
54172058593 16 269748 6 0
54185164062 8 146550 5 0
54185164062 9 32082 5 0
54191718750 16 269222 10 0
54204828125 16 269748 6 0
54211378906 1 269778 2 0
54211378906 7 270780 2 0
54211378906 8 450588 2 0
54211378906 9 450588 2 0
54224488281 16 269222 10 0
54231039062 16 2415 16 0
54237593750 16 269748 6 0
54257253906 8 146550 1 0
54257253906 9 32082 1 0
54290023437 16 2415 16 0
54322792968 16 269754 15 0
54368664062 16 2415 16 0
54407984375 16 269754 15 0
54447308593 10 619130 1 1
54453859375 16 2431 8 0
54493183593 16 269754 15 0
54539058593 16 2431 8 0
54571828125 16 269754 15 0
54617703125 16 2431 8 0
54657023437 16 269754 15 0
54702898437 16 2431 8 0
54709453125 10 618223 1 1
54735667968 16 269754 15 0
54788097656 16 2431 8 0
54820867187 16 269754 15 0
54866738281 16 2431 8 0
54906058593 16 269754 15 0
54958488281 16 787 1 0
54984703125 16 269754 15 0
55043687500 16 2431 8 1
55083007812 16 269754 15 0
55115777343 10 618378 1 1
55128882812 15 309198 1 0
55128882812 16 2431 8 0
55161652343 15 612320 1 0
55168207031 16 269754 15 0
55207527343 16 2955 8 0
55246847656 16 269754 15 0
55305832031 16 2431 8 0
55351707031 16 269754 15 0
55391027343 16 2955 8 0
55397578125 10 618487 1 1
55430347656 16 269754 15 0
55482777343 16 2431 8 0
55528652343 16 269754 15 0
55574527343 16 2955 8 0
55613851562 16 886 1 0
55666277343 16 2431 8 0
55705601562 16 269754 1 1
55718707031 16 2955 8 0
55758031250 16 269754 16 0
55797351562 16 2431 8 0
55843226562 16 269770 16 0
55882546875 16 2955 8 0
55928421875 16 269770 16 0
55941527343 16 5698 16 0
55987402343 16 5698 16 0
55993957031 16 2431 8 0
56026726562 16 269770 16 0
56033281250 16 5698 16 0
56066046875 16 2955 8 0
56072601562 10 618378 1 1
56085707031 16 5714 4 0
56105371093 16 5714 4 0
56111921875 16 269770 16 0
56118476562 16 5714 4 0
56138136718 16 5714 4 0
56157796875 16 2431 8 0
56164351562 17 1101 1 0
56197121093 16 269770 16 0
56197121093 10 618922 1 1
56210226562 16 5714 4 1
56229890625 16 2955 8 0
56229890625 10 618656 1 1
56249550781 16 6231 5 1
56256101562 10 618896 1 1
56269210937 16 5714 4 0
56275765625 16 269770 16 0
56282316406 16 6231 9 0
56288871093 10 618785 1 1
56301980468 16 5714 4 0
56315085937 16 6231 9 0
56328195312 16 2431 8 0
56334746093 16 5714 4 0
56347855468 16 6231 9 0
56360960937 16 269770 16 0
56374066406 0 306684 7 0
56374066406 2 206196 6 0
56374066406 3 817899 6 0
56380617187 16 5714 4 0
56393726562 16 2955 8 0
56413386718 16 6231 9 0
56419941406 0 306691 7 0
56426496093 2 361644 6 0
56426496093 3 973347 6 0
56433046875 16 5714 4 0
56439601562 3 241560 1 1
56439601562 16 269770 16 0
56446156250 16 6231 9 0
56465816406 16 5714 4 0
56478921875 16 6231 9 0
56492031250 16 2431 8 0
56498585937 16 5714 4 0
56511691406 16 6231 9 0
56524800781 16 269770 16 0
56544460937 16 5714 4 0
56551015625 4 841315 29 0
56557566406 16 2955 8 0
56583781250 16 6231 9 0
56596890625 16 5714 4 0
56603441406 2 19365 1 0
56603441406 3 288366 1 0
56603441406 5 141090 6 0
56603441406 4 211311 6 0
56603441406 2 878279 2 0
56603441406 3 1002293 2 0
56603441406 6 803094 6 0
56603441406 2 206196 6 0
56603441406 3 817899 6 0
56603441406 16 269770 16 0
56603441406 4 760114 1 0
56609996093 0 306698 29 0
56616550781 16 6231 9 0
56642765625 17 1101 1 0
56655871093 16 2963 10 0
56688640625 16 269770 16 0
56688640625 16 5714 3 1
56701746093 10 617940 1 1
56714855468 4 841315 1 0
56714855468 16 5714 4 0
56727960937 16 6231 12 0
56727960937 10 618774 1 1
56741070312 16 2963 10 0
56747625000 16 5714 4 0
56754175781 0 306727 3 0
56754175781 2 878279 2 0
56754175781 3 1002293 2 0
56760730468 16 6231 12 0
56760730468 10 618055 1 1
56780390625 16 5714 4 0
56780390625 16 269770 16 0
56793500000 10 618251 1 1
56793500000 16 6231 12 0
56806605468 10 618799 1 1
56806605468 1 269780 2 0
56806605468 7 270782 2 0
56813160156 17 1101 1 0
56826265625 16 787 1 0
56832820312 1 269780 2 1
56832820312 0 306730 3 0
56832820312 2 878279 2 0
56832820312 3 1002293 2 0
56859035156 0 306733 7 0
56859035156 2 206202 6 0
56859035156 3 817905 6 0
56865585937 16 269770 16 0
56898355468 0 306740 7 0
56898355468 2 361644 6 0
56898355468 3 973347 6 0
56944230468 8 146150 5 0
56950781250 9 31682 5 0
56963890625 16 269770 16 0
56970445312 1 269780 2 0
56970445312 7 270782 2 0
56970445312 8 450590 2 0
56970445312 9 450590 2 0
56983550781 16 269770 16 0
56990105468 4 840315 24 0
57003210937 16 269770 16 0
57009765625 8 146150 1 0
57009765625 9 31682 1 0
57016320312 16 269786 13 0
57042535156 16 269786 13 0
57049085937 2 20403 1 0
57049085937 3 289404 1 0
57049085937 5 141096 6 0
57049085937 4 211317 6 0
57049085937 2 878281 2 0
57049085937 3 1002295 2 0
57049085937 6 725333 1 0
57049085937 2 206202 6 0
57049085937 3 817905 6 0
57049085937 4 760114 1 0
57049085937 0 306747 24 0
57075300781 16 886 1 0
57167054687 4 840315 1 0
57206375000 0 306771 3 0
57206375000 2 878281 2 0
57206375000 3 1002295 2 0
57252250000 1 269782 2 0
57252250000 7 270784 2 0
57271910156 0 306774 3 0
57271910156 1 269782 2 1
57271910156 2 878281 2 0
57278464843 3 1002295 2 0
57383320312 8 146350 5 0
57383320312 9 31882 5 0
57409535156 1 269782 2 0
57409535156 7 270784 2 0
57409535156 8 450592 2 0
57409535156 9 450592 2 0
57455410156 8 146350 1 0
57455410156 9 31882 1 0
58589183593 16 180219 3 0
58608843750 10 618384 1 1
58621953125 16 180225 6 0
58648167968 16 853 1 0
58713703125 16 180219 3 1
58753023437 16 180225 4 1
58772687500 16 180219 3 0
58785792968 16 180225 13 0
58812007812 16 180219 3 0
58838222656 16 180225 13 0
58864437500 16 180219 3 0
58884093750 16 180225 13 0
58916863281 16 180219 3 0
58936523437 16 180225 13 0
58962738281 16 180219 3 0
58982398437 16 180225 13 0
59015167968 16 180219 3 0
59034828125 16 180225 13 0
59061042968 16 180238 11 0
59080703125 16 180238 11 0
59100363281 16 180238 11 0
59113472656 16 180238 11 0
59133132812 16 180238 11 0
59146242187 16 180238 11 0
59165902343 16 180238 11 0
59172453125 10 618369 1 1
59179007812 16 180238 11 0
59198667968 16 180238 11 0
59211777343 16 180238 11 0
59231437500 16 180238 11 0
59251097656 16 853 1 0
59303527343 16 180238 5 1
59342851562 10 618149 1 1
59342851562 16 180238 16 0
59362511718 16 180238 16 0
59369058593 10 618835 1 1
59382167968 16 180238 16 0
59395273437 10 618422 1 1
59395273437 16 180238 16 0
59414937500 16 180238 16 0
59428042968 16 180238 16 0
59447703125 16 180254 16 0
59467367187 16 180254 16 0
59487027343 16 853 1 0
59650867187 10 618484 1 1
60837070312 10 618058 2 1
60882941406 10 617969 1 1
61420335937 10 618378 1 1
62285414062 10 618858 1 1
62947328125 10 618684 1 1
62980093750 10 618172 1 1
63006308593 10 619103 1 1
63157042968 10 618336 1 1
63425738281 0 306777 7 0
63425738281 2 206208 6 0
63425738281 3 817911 6 0
63438847656 11 63017 5 0
63438847656 6 253160 4 0
63458507812 10 618518 1 1
63471613281 0 306784 7 0
63471613281 2 361644 6 0
63471613281 3 973347 6 0
63583027343 4 840815 55 0
63668222656 2 18660 1 0
63668222656 3 287661 1 0
63668222656 2 19826 1 0
63674777343 3 288827 1 0
63674777343 5 141102 6 0
63674777343 4 211323 6 0
63674777343 2 878283 2 0
63674777343 3 1002297 2 0
63674777343 13 591489 6 0
63674777343 14 591489 6 0
63674777343 1 56070 6 0
63674777343 13 591495 6 0
63674777343 14 591495 6 0
63674777343 0 306791 55 0
63766527343 6 253160 4 1
63779636718 1 56076 6 0
63779636718 1 56082 6 0
63779636718 2 206208 6 0
63779636718 3 817911 6 0
63779636718 4 760114 1 0
63792742187 9 20507 1 1
63858281250 4 840815 1 0
63904152343 0 306846 3 0
63904152343 2 878283 2 0
63904152343 3 1002297 2 0
63956582031 1 269784 2 0
63956582031 7 270786 2 0
63989347656 1 269784 2 1
63995902343 0 306849 3 0
63995902343 2 878283 2 0
63995902343 3 1002297 2 0
64100761718 8 146550 5 0
64100761718 9 32082 5 0
64133531250 1 269784 2 0
64133531250 7 270786 2 0
64133531250 8 450594 2 0
64133531250 9 450594 2 0
64179406250 8 146550 1 0
64179406250 9 32082 1 0
64428445312 3 367002 23 0
64428445312 2 428733 23 0
64500535156 6 253160 4 0
64500535156 2 59527 5 0
64500535156 1 572551 5 0
64500535156 2 59522 5 0
64500535156 1 572546 5 0
64500535156 9 572102 4 0
64507085937 8 75956 4 0
64507085937 9 7004 4 0
64507085937 8 80969 4 0
64507085937 11 63022 23 0
64546410156 10 619029 1 1
64598839843 13 591489 6 1
64605390625 3 367002 1 0
64605390625 2 428733 1 0
64618500000 0 306852 7 0
64618500000 13 591489 6 0
64618500000 14 591489 6 0
64651261718 9 149735 1 1
64657812500 2 59522 5 1
64690582031 9 149735 1 0
64690582031 11 63045 6 0
64690582031 2 59522 5 0
64690582031 1 572546 5 0
64703691406 0 306859 7 0
64703691406 13 591489 6 0
64703691406 14 591489 6 0
64716796875 2 59527 5 1
64723351562 0 306866 7 0
64723351562 13 753921 6 0
64723351562 14 753921 6 0
64762671875 11 205581 2 0
64762671875 10 258927 1 0
64821656250 11 205583 2 0
64821656250 10 258928 1 0
64834761718 11 205585 2 0
64834761718 10 258929 1 0
64854421875 11 205587 2 0
64854421875 10 258930 1 0
64874085937 11 205589 2 0
64874085937 10 258931 1 0
64887191406 11 205591 2 0
64887191406 10 258932 1 0
64893746093 1 56070 6 1
64906851562 11 205593 2 0
64906851562 10 258926 1 0
64926515625 10 258926 1 1
64939621093 11 63051 6 0
64939621093 2 59522 5 0
64939621093 1 572546 5 0
64946175781 10 258927 1 1
64965835937 0 306873 7 0
64965835937 1 56070 6 0
64965835937 10 258928 1 1
64985496093 10 258929 1 1
64998605468 10 258930 1 1
65018265625 10 258931 1 1
65031371093 10 258932 1 1
65070695312 6 253160 4 1
65103460937 6 132 1 1
65116570312 0 306880 7 0
65116570312 1 56070 6 0
65136230468 0 306887 7 0
65136230468 1 240840 6 0
65142785156 5 22365 1 1
65182105468 4 758484 1 1
65195214843 13 591495 6 1
65208320312 10 618425 1 1
65234535156 0 306894 7 0
65234535156 13 591495 6 0
65234535156 14 591495 6 0
65260750000 6 461487 2 1
65313179687 4 860537 1 1
65339394531 6 386561 1 1
65378714843 5 48084 1 1
65404929687 6 386296 1 1
65418039062 6 490769 1 1
65424589843 10 619168 1 1
65457359375 1 56076 6 1
65463914062 3 252193 1 1
65477019531 0 306901 7 0
65477019531 13 591495 6 0
65477019531 14 591495 6 0
65490128906 4 759088 1 1
65503234375 0 306908 7 0
65503234375 13 753921 6 0
65503234375 14 753921 6 0
65509789062 6 435655 2 1
65522894531 0 306915 7 0
65522894531 1 56076 6 0
65542554687 6 386296 1 1
65575328125 10 206190 4 1
65614648437 0 306922 7 0
65614648437 1 56076 6 0
65634296875 10 835506 23 0
65634296875 0 306929 7 0
65634296875 1 240840 6 0
65686726562 1 56082 6 1
65693281250 10 347653 1 0
65693281250 10 206190 4 0
65693281250 10 869406 8 0
65693281250 10 258926 1 0
65693281250 10 90546 4 0
65693281250 10 206422 4 0
65693281250 11 205595 23 0
65732601562 0 306936 7 0
65739156250 1 56082 6 0
65909554687 10 835506 1 0
65988195312 0 306943 7 0
65988195312 1 56082 6 0
66014414062 0 306950 7 0
66014414062 1 240840 6 0
66020968750 10 619130 1 1
66256898437 0 306957 7 0
66256898437 2 206214 6 0
66256898437 3 817917 6 0
66302773437 0 306964 7 0
66302773437 2 361650 6 0
66302773437 3 973353 6 0
66394523437 4 841315 24 0
66433843750 2 16601 1 0
66433843750 3 285602 1 0
66433843750 5 141108 6 0
66433843750 4 211329 6 0
66433843750 2 878285 2 0
66433843750 3 1002299 2 0
66433843750 6 725334 1 0
66433843750 2 206214 6 0
66433843750 3 817917 6 0
66440398437 4 760113 1 0
66440398437 0 306971 24 0
66551812500 4 841315 1 0
66584578125 0 306995 3 0
66584578125 2 878285 2 0
66584578125 3 1002299 2 0
66643554687 1 269786 2 0
66643554687 7 270788 2 0
66650109375 10 619029 1 1
66663218750 1 269786 2 1
66663218750 0 306998 3 0
66669765625 2 878285 2 0
66669765625 3 1002299 2 0
66715648437 0 307001 7 0
66715648437 2 206220 6 0
66715648437 3 817923 6 0
66748414062 0 307008 7 0
66748414062 2 361650 6 0
66748414062 3 973353 6 0
66781179687 8 146150 5 0
66781179687 9 31682 5 0
66820500000 1 269786 2 0
66820500000 7 270788 2 0
66820500000 8 450596 2 0
66820500000 9 450596 2 0
66846718750 4 840315 49 0
66866375000 8 146150 1 0
66866375000 9 31682 1 0
66918804687 10 618715 1 1
66925359375 2 16053 1 0
66925359375 3 285054 1 0
66925359375 2 16147 1 0
66925359375 3 285148 1 0
66925359375 5 141114 6 0
66925359375 4 211335 6 0
66925359375 2 878287 2 0
66925359375 3 1002301 2 0
66925359375 13 591501 6 0
66925359375 14 591501 6 0
66925359375 13 591507 6 0
66925359375 14 591507 6 0
66931914062 13 591513 6 0
66931914062 14 591513 6 0
66931914062 0 307015 49 0
67036773437 13 591519 6 0
67036773437 14 591519 6 0
67036773437 2 206220 6 0
67036773437 3 817923 6 0
67036773437 4 760113 1 0
67095757812 4 840315 1 0
67141632812 0 307064 3 0
67141632812 2 878287 2 0
67141632812 3 1002301 2 0
67187507812 1 269788 2 0
67187507812 7 270790 2 0
67207171875 1 269788 2 1
67207171875 0 307067 3 0
67207171875 2 878287 2 0
