0 0 303567 7 0
0 1 55590 6 0
26214000 0 303574 7 0
26214000 1 240840 6 0
78643005 1 55596 6 0
78643105 6 303581 7 1
117963996 1 55596 6 0
530841003 0 303588 7 0
530841003 1 55596 6 0
550502014 0 303595 7 0
550502014 1 240840 6 0
602931030 1 55602 6 1
648805969 0 303602 7 0
648805969 1 55602 6 0
910950012 0 303609 7 0
910950012 1 55602 6 0
930611022 0 303616 7 0
930611022 1 240840 6 0
983039978 1 55608 6 1
1028915039 0 303623 7 0
1028915039 1 55608 6 0
1330380004 0 303630 7 0
1330380004 1 55608 6 0
1343487060 0 303637 7 0
1343487060 1 240840 6 0
1395916015 1 55614 6 1
1441791992 0 303644 7 0
1441791992 1 55614 6 0
1723595947 0 303651 7 0
1723595947 1 55614 6 0
1736703979 0 303658 7 0
1736703979 1 240840 6 0
1769472045 0 303665 7 0
1769472045 2 206064 6 0
1769472045 3 817767 6 0
1802239990 1 55620 6 1
1808792968 0 303672 7 0
1808792968 2 361644 6 0
1808792968 3 973347 6 0
1841560913 0 303679 7 0
1841560913 1 55620 6 0
1887436035 4 840815 24 0
1939864990 2 18046 1 0
1939864990 3 287047 1 0
1946418945 5 140946 6 0
1946418945 4 211167 6 0
1946418945 2 878231 2 0
1946418945 3 1002245 2 0
1946418945 6 725318 1 0
1946418945 2 206064 6 0
1946418945 3 817767 6 0
1946418945 4 760114 1 0
1946418945 0 303686 24 0
2070937011 4 840815 1 0
2116812011 0 303710 3 0
2116812011 2 878231 2 0
2116812011 3 1002245 2 0
2175795166 1 269732 2 0
2175795166 7 270734 2 0
2215115966 1 269732 2 1
2221669921 0 303713 7 0
2221700000 1 55620 6 1
2221700010 0 303720 3 1
2234776855 2 878231 2 0
2234776855 3 1002245 2 0
2267544921 0 303723 7 0
2267544921 1 240840 6 0
2319973876 1 55638 6 1
2326528076 8 146150 5 0
2333081054 9 31682 5 0
2346187988 1 269732 2 0
2346187988 7 270734 2 0
2346187988 8 450542 2 0
2346187988 9 450542 2 0
2365849121 0 303730 7 0
2365849121 1 55638 6 0
2398616943 8 146150 1 0
2398616943 9 31682 1 0
2778726074 0 303737 7 0
2778726074 1 55638 6 0
2804939941 0 303744 7 0
2804939941 1 240840 6 0
2844261962 1 55656 6 1
2883583984 0 303751 7 0
2883583984 1 55656 6 0
3224370849 0 303758 7 0
3224370849 1 55656 6 0
3224370849 10 619165 1 1
3244031005 0 303765 7 0
3244031005 1 240840 6 0
3289906982 1 55662 6 1
3329228027 0 303772 7 0
3329228027 1 55662 6 0
3565157958 10 618195 1 1
3781427001 0 303779 7 0
3781427001 1 55662 6 0
3801088134 0 303786 7 0
3807641113 1 240840 6 0
3853516113 1 55668 6 1
3866624023 10 618773 1 1
3892837890 0 303793 7 0
3892837890 1 55668 6 0
4141875000 0 303800 7 0
4141875000 1 55668 6 0
4181196289 0 303807 7 0
4187750000 1 240840 6 0
4233625000 1 55674 6 1
4272946777 0 303814 7 0
4272946777 1 55674 6 0
4731699218 10 618167 1 1
4744805664 0 303821 7 0
4744805664 1 55674 6 0
4757913085 10 618168 16 1
4764466796 0 303828 7 0
4764466796 1 240840 6 0
4810341796 1 55692 6 1
4849664062 0 303835 7 0
4849664062 1 55692 6 0
5052825195 10 617992 1 1
5151128906 0 303842 7 0
5151128906 1 55692 6 0
5170790039 0 303849 7 0
5177342773 1 240840 6 0
5223218750 1 55698 6 1
5262540039 0 303856 7 0
5262540039 1 55698 6 0
5380504882 10 618113 1 1
5603328125 0 303863 7 0
5603328125 1 55698 6 0
5622988281 0 303870 7 0
5622988281 1 240840 6 0
5668863769 1 55704 6 1
5714738769 10 617943 1 1
5714738769 0 303877 7 0
5714738769 1 55704 6 0
5839256835 0 303884 7 0
5839256835 2 206070 6 0
5839256835 3 817773 6 0
5878579101 0 303891 7 0
5878579101 2 361650 6 0
5878579101 3 973353 6 0
5970328613 4 841315 24 0
6009651367 2 16601 1 0
6009651367 3 285602 1 0
6009651367 5 140952 6 0
6009651367 4 211173 6 0
6009651367 2 878233 2 0
6009651367 3 1002247 2 0
6009651367 6 725319 1 0
6016204101 2 206070 6 0
6016204101 3 817773 6 0
6016204101 4 760113 1 0
6022757812 0 303898 24 0
6042418945 0 303922 7 0
6042418945 1 55704 6 0
6062079101 0 303929 7 0
6062079101 1 240840 6 0
6114508300 1 55710 6 1
6121062011 4 841315 1 0
6166937011 0 303936 7 0
6166937011 1 55710 6 0
6186597656 0 303943 3 0
6186597656 2 878233 2 0
6186597656 3 1002247 2 0
6245580078 1 269734 2 0
6245580078 7 270736 2 0
6271794921 1 269734 2 1
6278348144 0 303946 3 0
6278348144 2 878233 2 0
6278348144 3 1002247 2 0
6284901855 10 618773 1 1
6291456054 0 303949 7 0
6291456054 2 206076 6 0
6291456054 3 817779 6 0
6356991699 0 303956 7 0
6356991699 2 361650 6 0
6363544921 5 40071 1 1
6363544921 3 973353 6 0
6383206054 8 146350 5 0
6383206054 9 31882 5 0
6402866699 1 269734 2 0
6402866699 7 270736 2 0
6409419921 8 450544 2 0
6409419921 9 450544 2 0
6409419921 6 433573 2 1
6455295898 8 146350 1 0
6455295898 9 31882 1 0
6455295898 4 84231 2 1
6527385253 0 303963 7 0
6527385253 1 55710 6 0
6566707031 0 303970 7 0
6566707031 1 240840 6 0
6586368164 4 840315 24 0
6606028808 1 55728 6 1
6651904296 2 16601 1 0
6651904296 3 285602 1 0
6658457031 5 140958 6 0
6658457031 4 211179 6 0
6658457031 2 878235 2 0
6658457031 3 1002249 2 0
6658457031 6 725320 1 0
6658457031 2 206076 6 0
6658457031 3 817779 6 0
6658457031 4 760113 1 0
6658457031 0 303977 24 0
6737100097 0 304001 7 0
6737100097 1 55728 6 0
6782976074 4 840315 1 0
6822296875 0 304008 3 0
6822296875 2 878235 2 0
6822296875 3 1002249 2 0
6887833007 1 269736 2 0
6887833007 7 270738 2 0
6920601074 1 269736 2 1
6920601074 0 304011 3 0
6920601074 2 878235 2 0
6920601074 3 1002249 2 0
6953369140 10 619112 1 1
7012351074 0 304014 7 0
7012351074 1 55728 6 0
7032012207 8 146550 5 0
7032012207 9 32082 5 0
7051672851 0 304021 7 0
7051672851 1 240840 6 0
7051672851 1 269736 2 0
7051672851 7 270738 2 0
7051672851 8 450546 2 0
7051672851 9 450546 2 0
7104102050 1 55734 6 1
7117208984 8 146550 1 0
7117208984 9 32082 1 0
7149977050 0 304028 7 0
7149977050 1 55734 6 0
7897087890 0 304035 7 0
7897087890 1 55734 6 0
7923302246 0 304042 7 0
7923302246 1 240840 6 0
7975730957 1 55740 6 1
8015051757 0 304049 7 0
8015051757 1 55740 6 0
8395161132 0 304056 7 0
8395161132 2 206082 6 0
8395161132 3 817785 6 0
8421375976 0 304063 7 0
8421375976 1 55740 6 0
8441037109 0 304070 7 0
8441037109 1 240840 6 0
8460697265 0 304077 7 0
8460697265 2 361644 6 0
8460697265 3 973347 6 0
8486911132 1 55746 6 1
8532787109 0 304084 7 0
8532787109 1 55746 6 0
8572109375 4 840815 24 0
8624537109 2 20403 1 0
8624537109 3 289404 1 0
8624537109 5 140964 6 0
8624537109 4 211185 6 0
8624537109 2 878237 2 0
8624537109 3 1002251 2 0
8631090820 6 725321 1 0
8631090820 2 206082 6 0
8631090820 3 817785 6 0
8631090820 4 760114 1 0
8631090820 0 304091 24 0
8676965820 10 619257 1 1
8703181640 10 619194 1 1
8729393554 10 624698 1 1
8742501953 4 840815 1 0
8749054687 10 625413 1 1
8775270507 10 624273 6 1
8794931640 10 619592 6 1
8801485351 0 304115 3 0
8801485351 2 878237 2 0
8801485351 3 1002251 2 0
8834251953 0 304118 7 0
8834251953 1 55746 6 0
8860465820 0 304125 7 0
8860465820 1 240840 6 0
8860465820 1 269738 2 0
8860465820 7 270740 2 0
8880126953 10 624558 1 1
8899788085 1 269738 2 1
8906341796 0 304132 3 0
8906341796 2 878237 2 0
8906341796 3 1002251 2 0
8912896484 10 624862 1 1
8932556640 1 55752 6 1
8939109375 10 770748 1 1
8939109375 10 447824 1 1
8991539062 0 304135 7 0
8991539062 1 55752 6 0
9043967773 8 146150 5 0
9050520507 9 31682 5 0
9070181640 1 269738 2 0
9070181640 7 270740 2 0
9070181640 8 450548 2 0
9070181640 9 450548 2 0
9122611328 8 146150 1 0
9122611328 9 31682 1 0
9135718750 6 386238 1 1
9188146484 5 43697 1 1
9234022460 4 758692 1 1
9247129882 0 304142 7 0
9247129882 1 55752 6 0
9266790039 6 444131 2 1
9286451171 0 304149 7 0
9286451171 1 240840 6 0
9345433593 1 55758 6 1
9384754882 10 107821 8 1
9391307617 0 304156 7 0
9391307617 1 55758 6 0
9450291015 10 838506 13 0
9509272460 10 107821 8 0
9509272460 10 234342 4 0
9509272460 11 205474 13 0
9614130859 10 838506 1 0
9823845703 0 304163 7 0
9823845703 1 55758 6 0
9843505859 0 304170 7 0
9843505859 1 240840 6 0
9889382812 1 55764 6 1
9935256835 0 304177 7 0
9935256835 1 55764 6 0
9961470703 10 107349 8 1
10040115234 10 107349 8 1
10066329101 6 252068 4 1
10105650390 6 252072 4 1
10131864257 10 838506 9 0
10184293945 0 304184 7 0
10184293945 1 55764 6 0
10190848632 10 107349 8 0
10190848632 11 205487 9 0
10203955078 0 304191 7 0
10203955078 1 240840 6 0
10262936523 10 838506 1 0
10269491210 1 55770 6 1
10302259765 0 304198 7 0
10302259765 1 55770 6 0
10649599609 0 304205 7 0
10649599609 1 55770 6 0
10662707031 0 304212 7 0
10662707031 1 240840 6 0
10715134765 1 55776 6 1
10747903320 0 304219 7 0
10747903320 1 55776 6 0
11186994140 12 871567 1 1
11245977539 12 871568 2 1
11265638671 12 871570 2 1
11311512695 12 871573 2 1
11331173828 0 304226 7 0
11331173828 1 55776 6 0
11344281250 0 304233 7 0
11344281250 1 240840 6 0
11357387695 12 871571 2 1
11390156250 1 55782 6 1
11396709960 12 871574 1 1
11422924804 12 871572 1 1
11429477539 0 304240 7 0
11429477539 1 55782 6 0
11442584960 12 871574 1 1
11449138671 12 871842 1 1
11475353515 12 871843 2 1
11488459960 12 871845 1 1
11508120117 12 871846 1 1
11527782226 12 871844 1 1
11553997070 12 871845 2 1
11580210937 12 871846 2 1
11593318359 12 871845 1 1
11612977539 12 871842 2 1
11645747070 12 871848 2 1
11658853515 12 871849 1 1
11678515625 12 871849 1 1
11678515625 0 304247 7 0
11678515625 1 55782 6 0
11691622070 12 871849 1 1
11711283203 12 871847 2 1
11711283203 0 304254 7 0
11711283203 1 240840 6 0
11724389648 12 871848 1 1
11744050781 12 871848 1 1
11757158203 12 871848 1 1
11770264648 1 55788 6 1
11789925781 12 871849 2 1
11809586914 0 304261 7 0
11809586914 1 55788 6 0
11809586914 12 871844 1 1
11835801757 12 871844 2 1
11855461914 12 871845 1 1
11875123046 12 871843 1 1
11907891601 12 871850 1 1
11920998046 12 871572 2 1
11966873046 12 871842 1 1
11986534179 12 871846 1 1
12006195312 12 871847 1 1
12025856445 12 871846 1 1
12038962890 12 871847 1 1
12058624023 12 871567 2 1
12084837890 12 871569 1 1
12104498046 12 871568 1 1
12117606445 12 871569 2 1
12137267578 12 871568 1 1
12150374023 0 304268 7 0
12150374023 2 206088 6 0
12150374023 3 817791 6 0
12156927734 12 871570 1 1
12183141601 12 871850 1 1
12209357421 0 304275 7 0
12209357421 2 361644 6 0
12209357421 3 973347 6 0
12268338867 10 618223 1 1
12288000000 12 871850 2 1
12314213867 0 304282 7 0
12314213867 1 55788 6 0
12340428710 0 304289 7 0
12340428710 1 240840 6 0
12379750000 1 55794 6 1
12425625000 0 304296 7 0
12425625000 1 55794 6 0
12432179687 4 841315 55 0
12523928710 2 18055 1 0
12523928710 3 287056 1 0
12523928710 10 618435 1 1
12523928710 2 19826 1 0
12523928710 3 288827 1 0
12530483398 5 140970 6 0
12530483398 4 211191 6 0
12530483398 2 878239 2 0
12530483398 3 1002253 2 0
12530483398 13 591387 6 0
12530483398 14 591387 6 0
12530483398 1 55932 6 0
12530483398 13 591393 6 0
12530483398 14 591393 6 0
12530483398 0 304303 55 0
12628787109 10 618662 1 1
12635339843 1 55938 6 0
12635339843 1 55944 6 0
12641894531 2 206088 6 0
12641894531 3 817791 6 0
12641894531 4 760114 1 0
12700876953 4 841315 1 0
12740198242 0 304358 3 0
12740198242 2 878239 2 0
12740198242 3 1002253 2 0
12799180664 1 269740 2 0
12799180664 7 270742 2 0
12845054687 1 269740 2 1
12845054687 0 304361 3 0
12845054687 2 878239 2 0
12845054687 3 1002253 2 0
12969574218 8 146350 5 0
12969574218 9 31882 5 0
12982681640 1 269740 2 0
12982681640 7 270742 2 0
12989234375 8 450550 2 0
12989234375 9 450550 2 0
13028555664 0 304364 7 0
13028555664 8 146350 1 0
13028555664 1 55794 6 0
13028555664 9 31882 1 0
13080986328 0 304371 7 0
13080986328 1 240840 6 0
13094092773 10 618509 1 1
13139966796 1 55800 6 1
13172736328 10 618510 16 1
13185843750 0 304378 7 0
13185843750 1 55800 6 0
13434879882 0 304385 7 0
13434879882 1 55800 6 0
13461093750 0 304392 7 0
13461093750 1 240840 6 0
13500415039 1 55818 6 1
13539736328 0 304399 7 0
13539736328 1 55818 6 0
13631487304 13 591387 6 1
13644594726 0 304406 7 0
13644594726 13 591387 6 0
13644594726 14 591387 6 0
13690469726 10 618898 1 1
13749451171 10 618865 1 1
14077132812 0 304413 7 0
14077132812 13 591387 6 0
14077132812 14 591387 6 0
14077132812 10 618366 1 1
14096792968 0 304420 7 0
14103345703 1 55818 6 0
14109900390 0 304427 7 0
14109900390 13 753921 6 0
14116454101 14 753921 6 0
14136115234 0 304434 7 0
14136115234 1 240840 6 0
14162329101 10 618367 16 1
14175435546 1 55824 6 1
14214757812 0 304441 7 0
14214757812 1 55824 6 0
14313061523 10 617959 1 1
14358937500 13 591393 6 1
14411366210 0 304448 7 0
14411366210 13 591393 6 0
14411366210 14 591393 6 0
14496561523 0 304455 7 0
14496561523 1 55824 6 0
14516222656 0 304462 7 0
14516222656 1 240840 6 0
14535883789 0 304469 7 0
14535883789 13 591393 6 0
14535883789 14 591393 6 0
14562099609 0 304476 7 0
14562099609 13 753921 6 0
14568653320 14 753921 6 0
14575206054 1 55830 6 1
14614526367 0 304483 7 0
14614526367 1 55830 6 0
14647294921 10 618722 1 1
14902886718 10 618093 2 1
15007743164 0 304490 7 0
15007743164 1 55830 6 0
15020851562 0 304497 7 0
15020851562 1 240840 6 0
15060172851 10 618223 1 1
15066725585 1 55836 6 1
15112601562 0 304504 7 0
15112601562 1 55836 6 0
15296101562 10 618212 1 1
15368190429 0 304511 7 0
15368190429 1 55836 6 0
15387851562 0 304518 7 0
15387851562 1 240840 6 0
15427173828 1 55842 6 1
15479601562 0 304525 7 0
15479601562 1 55842 6 0
15840050781 0 304532 7 0
15840050781 1 55842 6 0
15846605468 10 619053 1 1
15872818359 0 304539 7 0
15872818359 1 240840 6 0
15892478515 0 304546 7 0
15892478515 2 206094 6 0
15892478515 3 817797 6 0
15931800781 1 55848 6 1
15931800781 0 304553 7 0
15931800781 2 206100 6 0
15931800781 3 817803 6 0
15951461914 0 304560 7 0
15951461914 2 361650 6 0
15951461914 3 973353 6 0
15977676757 0 304567 7 0
15977676757 2 361644 6 0
15977676757 3 973347 6 0
15990783203 0 304574 7 0
15990783203 1 55848 6 0
16056320312 4 840315 24 0
16102195312 2 16601 1 0
16102195312 3 285602 1 0
16102195312 5 140976 6 0
16102195312 4 211197 6 0
16102195312 2 878241 2 0
16102195312 3 1002255 2 0
16108749023 6 725322 1 0
16108749023 2 206094 6 0
16108749023 3 817797 6 0
16108749023 4 760113 1 0
16108749023 0 304581 24 0
16226712890 4 840315 1 0
16279142578 0 304605 3 0
16279142578 2 878241 2 0
16279142578 3 1002255 2 0
16285696289 4 840815 24 0
16311910156 0 304608 7 0
16311910156 1 55848 6 0
16325017578 0 304615 7 0
16325017578 1 240840 6 0
16338125000 1 269742 2 0
16338125000 7 270744 2 0
16344678710 2 18046 1 0
16357786132 3 287047 1 0
16357786132 5 140982 6 0
16357786132 4 211203 6 0
16357786132 2 878243 2 0
16357786132 3 1002257 2 0
16357786132 6 725323 1 0
16357786132 2 206100 6 0
16357786132 3 817803 6 0
16357786132 4 760114 1 0
16364339843 0 304622 24 0
16370893554 1 55854 6 1
16390554687 1 269742 2 1
16397107421 0 304646 3 0
16397107421 2 878241 2 0
16397107421 3 1002255 2 0
16423320312 0 304649 7 0
16423320312 1 55854 6 0
16456089843 0 304656 7 0
16456089843 2 206106 6 0
16456089843 3 817809 6 0
16475748046 4 840815 1 0
16541287109 0 304663 3 0
16541287109 2 878243 2 0
16541287109 3 1002257 2 0
16547839843 8 146550 5 0
16554394531 9 32082 5 0
16554394531 0 304666 7 0
16554394531 2 361644 6 0
16554394531 3 973347 6 0
16574054687 1 269742 2 0
16574054687 7 270744 2 0
16574054687 8 450552 2 0
16574054687 9 450552 2 0
16626484375 8 146550 1 0
16626484375 9 32082 1 0
16646144531 1 269744 2 0
16646144531 7 270746 2 0
16659251953 1 269744 2 1
16659251953 0 304673 3 0
16659251953 2 878243 2 0
16659251953 3 1002257 2 0
16692017578 0 304676 7 0
16692017578 1 55854 6 0
16698572265 4 841315 28 0
16731339843 0 304683 7 0
16731339843 1 240840 6 0
16744447265 5 140988 6 0
16744447265 4 211209 6 0
16744447265 2 878245 2 0
16744447265 3 1002259 2 0
16744447265 1 55950 6 0
16751001953 2 206106 6 0
16751001953 3 817809 6 0
16751001953 4 760114 1 0
16751001953 0 304690 28 0
16764109375 8 146150 5 0
16764109375 9 31682 5 0
16783769531 1 269744 2 0
16783769531 7 270746 2 0
16783769531 8 450554 2 0
16783769531 9 450554 2 0
16796876953 1 55860 6 1
16868966796 8 146150 1 0
16868966796 9 31682 1 0
16868966796 4 841315 1 0
16901734375 0 304718 7 0
16901734375 1 55860 6 0
16921394531 0 304725 3 0
16921394531 2 878245 2 0
16921394531 3 1002259 2 0
16967269531 1 269746 2 0
16967269531 7 270748 2 0
17000039062 0 304728 3 0
17000039062 1 269746 2 1
17000039062 2 878245 2 0
17006591796 3 1002259 2 0
17111449218 8 146350 5 0
17118003906 9 31882 5 0
17137664062 1 269746 2 0
17137664062 7 270748 2 0
17137664062 8 450556 2 0
17137664062 9 450556 2 0
17183539062 8 146350 1 0
17183539062 9 31882 1 0
17196646484 0 304731 7 0
17196646484 2 206112 6 0
17196646484 3 817815 6 0
17255628906 0 304738 7 0
17255628906 2 361644 6 0
17255628906 3 973347 6 0
17373593750 0 304745 7 0
17373593750 1 55860 6 0
17380148437 4 840315 55 0
17412914062 0 304752 7 0
17412914062 1 240840 6 0
17458789062 1 55866 6 1
17465343750 2 18023 1 0
17465343750 3 287024 1 0
17465343750 2 18062 1 0
17465343750 3 287063 1 0
17465343750 5 140994 6 0
17465343750 4 211215 6 0
17465343750 2 878247 2 0
17471896484 3 1002261 2 0
17471896484 13 591399 6 0
17471896484 14 591399 6 0
17471896484 1 55956 6 0
17471896484 13 591405 6 0
17471896484 14 591405 6 0
17471896484 0 304759 55 0
17517773437 0 304814 7 0
17517773437 1 55866 6 0
17550541015 1 55962 6 0
17550541015 1 55968 6 0
17550541015 2 206112 6 0
17550541015 3 817815 6 0
17550541015 4 760114 1 0
17609523437 4 840315 1 0
17661953125 13 591399 6 1
17661953125 0 304821 3 0
17661953125 2 878247 2 0
17668503906 3 1002261 2 0
17688166015 0 304824 7 0
17688166015 13 591399 6 0
17688166015 14 591399 6 0
17720933593 1 269748 2 0
17720933593 7 270750 2 0
17760255859 1 269748 2 1
17760255859 0 304831 3 0
17766808593 2 878247 2 0
17766808593 3 1002261 2 0
17773363281 0 304834 7 0
17779916015 13 591399 6 0
17779916015 14 591399 6 0
17799578125 0 304841 7 0
17799578125 13 753921 6 0
17799578125 14 753921 6 0
17871667968 8 146550 5 0
17871667968 9 32082 5 0
17897882812 1 269748 2 0
17897882812 7 270750 2 0
17897882812 8 450558 2 0
17897882812 9 450558 2 0
17924095703 0 304848 7 0
17924095703 1 55866 6 0
17943755859 8 146550 1 0
17943755859 9 32082 1 0
17956863281 0 304855 7 0
17956863281 1 240840 6 0
17983078125 13 591405 6 1
18002738281 1 55872 6 1
18015845703 0 304862 7 0
18022400390 13 591405 6 0
18022400390 14 591405 6 0
18042060546 0 304869 7 0
18048615234 1 55872 6 0
18133812500 0 304876 7 0
18133812500 13 591405 6 0
18133812500 14 591405 6 0
18153472656 0 304883 7 0
18153472656 13 753921 6 0
18153472656 14 753921 6 0
18422167968 0 304890 7 0
18422167968 1 55872 6 0
18441830078 0 304897 7 0
18441830078 1 240840 6 0
18481152343 1 55878 6 1
18527027343 0 304904 7 0
18527027343 1 55878 6 0
18795724609 0 304911 7 0
18795724609 1 55878 6 0
18821939453 0 304918 7 0
18821939453 1 240840 6 0
18861261718 1 55884 6 1
18907136718 0 304925 7 0
18907136718 1 55884 6 0
19195494140 0 304932 7 0
19195494140 1 55884 6 0
19215154296 0 304939 7 0
19221708984 1 240840 6 0
19274136718 1 55890 6 1
19320013671 0 304946 7 0
19320013671 1 55890 6 0
19785318359 0 304953 7 0
19785318359 1 55890 6 0
19811533203 0 304960 7 0
19811533203 1 240840 6 0
19850855468 1 55896 6 1
19877070312 11 62832 5 0
19877070312 6 253140 4 0
19890177734 0 304967 7 0
19890177734 1 55896 6 0
20191640625 6 253140 4 1
20217855468 9 20506 1 1
20925644531 15 327183 12 0
20984626953 15 610735 1 0
21633433593 3 367002 18 0
21633433593 2 428733 18 0
21698968750 2 59487 5 0
21698968750 1 572511 5 0
21698968750 6 253140 4 0
21698968750 9 572098 4 0
21698968750 8 75952 4 0
21698968750 9 7000 4 0
21698968750 8 80965 4 0
21698968750 11 62837 18 0
21797273437 3 367002 1 0
21797273437 2 428733 1 0
21843148437 9 149730 1 1
21843148437 2 59487 5 1
21875917968 9 149730 1 0
21882470703 11 62855 6 0
21882470703 2 59487 5 0
21882470703 1 572511 5 0
21915240234 11 205496 2 0
21915240234 10 258923 1 0
21967666015 10 258923 1 1
21974220703 11 62861 6 0
21974220703 2 59487 5 0
21974220703 1 572511 5 0
21980773437 6 253140 4 1
22026650390 10 835506 19 0
22085632812 10 347649 1 0
22085632812 10 108629 8 0
22085632812 10 258923 1 0
22085632812 10 90542 4 0
22085632812 10 234342 4 0
22085632812 11 205498 19 0
22282240234 10 835506 1 0
22419867187 11 62867 5 0
22419867187 6 253144 4 0
22845849609 6 253144 4 1
22872064453 9 20506 1 1
23376691406 1 55896 6 1
23435671875 0 304974 7 0
23435671875 1 55896 6 0
24313855468 3 367002 18 0
24313855468 2 428733 18 0
24346625000 2 59492 5 0
24346625000 1 572516 5 0
24346625000 6 253144 4 0
24346625000 9 572098 4 0
24346625000 8 75952 4 0
24346625000 9 7000 4 0
24346625000 8 80965 4 0
24353177734 11 62872 18 0
24444927734 3 367002 1 0
24444927734 2 428733 1 0
24490802734 9 149731 1 1
24497355468 2 59492 5 1
24517017578 11 62890 5 0
24517017578 6 253148 4 0
24530125000 9 149731 1 0
24536677734 11 62895 6 0
24536677734 2 59492 5 0
24536677734 1 572516 5 0
24556339843 11 205517 2 0
24556339843 10 258924 1 0
24602214843 10 258924 1 1
24615322265 11 62901 6 0
24615322265 2 59492 5 0
24615322265 1 572516 5 0
24621875000 6 253144 4 1
24661197265 10 90546 4 1
24693964843 10 835506 19 0
24752947265 10 347649 1 0
24759500000 10 108637 8 0
24759500000 10 258924 1 0
24759500000 10 90546 4 0
24759500000 10 234342 4 0
24759500000 11 205519 19 0
24929892578 10 835506 1 0
25500056640 6 253148 4 1
25526271484 9 20506 1 1
26430667968 15 317651 16 0
26463435546 1 55896 6 1
26489650390 15 610287 1 0
26522417968 0 304981 7 0
26522417968 1 55896 6 0
26581402343 11 62907 5 0
26581402343 6 253152 4 0
26928744140 9 7004 4 1
26954957031 3 367002 18 0
26954957031 2 428733 18 0
26994275390 2 59497 5 0
26994275390 1 572521 5 0
27000832031 6 253148 4 0
27000832031 9 572098 4 0
27000832031 8 75952 4 0
27000832031 9 7004 4 0
27000832031 8 80969 4 0
27000832031 11 62912 18 0
27099136718 3 367002 1 0
27099136718 2 428733 1 0
27138458984 9 149732 1 1
27145011718 2 59497 5 1
27145011718 6 253152 4 1
27171226562 9 20507 1 1
27184332031 9 149732 1 0
27190884765 11 62930 6 0
27190884765 2 59497 5 0
27190884765 1 572521 5 0
27210546875 11 205538 2 0
27217099609 10 258925 1 0
27276082031 10 258925 1 1
27282636718 11 62936 6 0
27289189453 2 59497 5 0
27289189453 1 572521 5 0
27295744140 6 253148 4 1
27328511718 10 234346 4 1
27354726562 10 835506 19 0
27413708984 10 347649 1 0
27413708984 10 108645 8 0
27413708984 10 258925 1 0
27413708984 10 90546 4 0
27413708984 10 234346 4 0
27413708984 11 205540 19 0
27590656250 10 835506 1 0
27616871093 6 3546 2 1
27649638671 6 3558 2 1
27688958984 9 572102 4 1
27734833984 3 367002 23 0
27734833984 2 428733 23 0
27774156250 6 253152 4 0
27774156250 2 59507 5 0
27774156250 1 572531 5 0
27774156250 2 59502 5 0
27774156250 1 572526 5 0
27774156250 9 572102 4 0
27780710937 8 75956 4 0
27780710937 9 7004 4 0
27780710937 8 80969 4 0
27780710937 11 62942 23 0
27846246093 3 367002 1 0
27846246093 2 428733 1 0
27879015625 9 25887 1 1
27885568359 2 59502 5 1
27918335937 9 149733 6 0
27931443359 11 62965 6 0
27931443359 2 59502 5 0
27931443359 1 572526 5 0
27957656250 2 59507 5 1
27964210937 9 445665 1 0
28023193359 0 304988 9 0
28023193359 3 4203 8 0
28023193359 2 612639 8 0
28023193359 9 149733 6 0
28062515625 3 4203 8 1
28062515625 9 25887 1 1
28069068359 11 62971 6 0
28069068359 2 59502 5 0
28075623046 1 572526 5 0
28088730468 5 22365 1 1
28088730468 9 25887 1 0
28108390625 9 149733 1 1
28114945312 10 85578 1 1
28141158203 9 149733 1 0
28154265625 2 19958 1 1
28187033203 10 85578 1 0
28272230468 4 837815 26 0
28318105468 2 20697 1 0
28318105468 3 289698 1 0
28324660156 2 19958 1 0
28324660156 3 288959 1 0
28324660156 5 141000 6 0
28324660156 4 211221 6 0
28324660156 2 878249 2 0
28324660156 3 1002263 2 0
28324660156 6 725324 1 0
28324660156 3 4203 8 0
28324660156 2 612639 8 0
28324660156 0 304997 26 0
28442623046 4 837815 1 0
28508160156 0 305023 3 0
28508160156 2 878249 2 0
28508160156 3 1002263 2 0
28567142578 1 269750 2 0
28567142578 7 270752 2 0
28599910156 1 269750 2 1
28599910156 0 305026 3 0
28599910156 2 878249 2 0
28606464843 3 1002263 2 0
28632679687 10 618086 1 1
28711320312 8 146150 5 0
28711320312 9 31682 5 0
28744089843 1 269750 2 0
28744089843 7 270752 2 0
28744089843 8 450560 2 0
28744089843 9 450560 2 0
28783410156 8 146150 1 0
28783410156 9 31682 1 0
29052109375 10 618152 1 1
29556736328 1 55896 6 1
29602611328 0 305029 7 0
29609166015 1 55896 6 0
29628826171 16 91389 64 0
29700914062 0 305036 7 0
29700914062 1 55896 6 0
29759896484 0 305043 7 0
29766451171 1 240840 6 0
29818880859 1 55902 6 1
29851648437 0 305050 7 0
29858201171 1 55902 6 0
29890970703 0 305057 7 0
29890970703 2 206118 6 0
29890970703 3 817821 6 0
29930292968 0 305064 7 0
29930292968 2 361644 6 0
29930292968 3 973347 6 0
30048255859 4 840815 61 0
30153115234 2 18437 1 0
30153115234 3 287438 1 0
30153115234 2 18085 1 0
30153115234 3 287086 1 0
30153115234 5 141006 6 0
30153115234 4 211227 6 0
30153115234 2 878251 2 0
30153115234 3 1002265 2 0
30153115234 13 591411 6 0
30159666015 14 591411 6 0
30159666015 13 591417 6 0
30159666015 14 591417 6 0
30159666015 1 55974 6 0
30159666015 0 305071 61 0
